521.45           428.0
521.52           435.0
521.60           1000.0
521.68           588.0
521.75           1336.0
521.83           779.0
521.91           1271.0
521.98           372.0
522.06           1473.0
522.14           1002.0
522.22           1776.0
522.29           826.0
522.37           1491.0
522.45           547.0
522.52           1381.0
522.60           803.0
522.68           1140.0
522.76           335.0
522.83           716.0
522.91           263.0
522.99           770.0
523.06           461.0
523.14           938.0
523.22           461.0
523.30           1098.0
523.37           575.0
523.45           1310.0
523.53           759.0
523.60           1178.0
523.68           451.0
523.76           752.0
523.84           186.0
523.91           770.0
523.99           492.0
524.07           1184.0
524.14           760.0
524.22           1211.0
524.30           418.0
524.38           1208.0
524.45           691.0
524.53           1418.0
524.61           753.0
524.68           1327.0
524.76           496.0
524.84           1290.0
524.92           760.0
524.99           1284.0
525.07           449.0
525.15           1358.0
525.22           902.0
525.30           1245.0
525.38           247.0
525.46           1266.0
525.53           949.0
525.61           1286.0
525.69           257.0
525.76           1387.0
525.84           957.0
525.92           1860.0
526.00           937.0
526.07           1805.0
526.15           810.0
526.23           1502.0
526.30           572.0
526.38           1407.0
526.46           716.0
526.54           1470.0
526.61           760.0
526.69           1201.0
526.77           344.0
526.84           1088.0
526.92           671.0
527.00           1099.0
527.08           307.0
527.15           1375.0
527.23           976.0
527.31           1780.0
527.38           770.0
527.46           1887.0
527.54           1035.0
527.62           1887.0
527.69           737.0
527.77           1912.0
527.85           1162.0
527.92           1507.0
528.00           257.0
528.08           1166.0
528.16           768.0
528.23           1128.0
528.31           318.0
528.39           1123.0
528.46           683.0
528.54           1377.0
528.62           754.0
528.70           1191.0
528.77           272.0
528.85           1471.0
528.93           1161.0
529.00           1616.0
529.08           542.0
529.16           1099.0
529.24           359.0
529.31           1209.0
529.39           825.0
529.47           1221.0
529.55           331.0
529.62           1343.0
529.70           915.0
529.78           1603.0
529.85           752.0
529.93           1319.0
530.01           469.0
530.09           1231.0
530.16           655.0
530.24           1402.0
530.32           750.0
530.39           1367.0
530.47           577.0
530.55           1276.0
530.63           585.0
530.70           1497.0
530.78           867.0
530.86           1648.0
530.94           759.0
531.01           1553.0
531.09           809.0
531.17           1121.0
531.24           183.0
531.32           1084.0
531.40           824.0
531.48           1224.0
531.55           369.0
531.63           1361.0
531.71           934.0
531.78           1521.0
531.86           560.0
531.94           1514.0
532.02           887.0
532.09           1540.0
532.17           598.0
532.25           1491.0
532.33           850.0
532.40           1359.0
532.48           379.0
532.56           1598.0
532.63           1212.0
532.71           1529.0
532.79           308.0
532.87           1298.0
532.94           789.0
533.02           1648.0
533.10           920.0
533.18           1424.0
533.25           418.0
533.33           1295.0
533.41           863.0
533.48           981.0
533.56           130.0
533.64           552.0
533.72           243.0
533.79           902.0
533.87           662.0
533.95           1235.0
534.03           591.0
534.10           1338.0
534.18           707.0
534.26           1429.0
534.33           677.0
534.41           1475.0
534.49           791.0
534.57           1292.0
534.64           437.0
534.72           1211.0
534.80           699.0
534.88           1277.0
534.95           519.0
535.03           1403.0
535.11           783.0
535.18           1713.0
535.26           902.0
535.34           1753.0
535.42           805.0
535.49           1575.0
535.57           684.0
535.65           1402.0
535.73           639.0
535.80           1302.0
535.88           487.0
535.96           1689.0
536.03           1167.0
536.11           1939.0
536.19           806.0
536.27           1626.0
536.34           706.0
536.42           1441.0
536.50           701.0
536.58           1113.0
536.65           368.0
536.73           791.0
536.81           253.0
536.89           1098.0
536.96           860.0
537.04           1202.0
537.12           407.0
537.19           932.0
537.27           401.0
537.35           1074.0
537.43           595.0
537.50           1445.0
537.58           883.0
537.66           1453.0
537.74           626.0
537.81           990.0
537.89           172.0
537.97           1258.0
538.05           1003.0
538.12           1662.0
538.20           774.0
538.28           1320.0
538.35           488.0
538.43           988.0
538.51           360.0
538.59           1167.0
538.66           792.0
538.74           1275.0
538.82           454.0
538.90           1312.0
538.97           780.0
539.05           1499.0
539.13           705.0
539.21           1476.0
539.28           618.0
539.36           1793.0
539.44           1192.0
539.51           1694.0
539.59           474.0
539.67           1342.0
539.75           725.0
539.82           1333.0
539.90           591.0
539.98           1212.0
540.06           469.0
540.13           1517.0
540.21           1066.0
540.29           1494.0
540.37           429.0
540.44           1180.0
540.52           654.0
540.60           1099.0
540.68           325.0
540.75           1339.0
540.83           982.0
540.91           1464.0
540.98           484.0
541.06           1319.0
541.14           666.0
541.22           1602.0
541.29           867.0
541.37           1842.0
541.45           1070.0
541.53           1294.0
541.60           128.0
541.68           922.0
541.76           663.0
541.84           1009.0
541.91           344.0
541.99           1035.0
542.07           660.0
542.15           1102.0
542.22           323.0
542.30           1511.0
542.38           1167.0
542.46           1705.0
542.53           619.0
542.61           1212.0
542.69           459.0
542.76           1028.0
542.84           451.0
542.92           1257.0
543.00           811.0
543.07           1300.0
543.15           560.0
543.23           900.0
543.31           240.0
543.38           878.0
543.46           559.0
543.54           1116.0
543.62           581.0
543.69           1117.0
543.77           515.0
543.85           1081.0
543.93           514.0
544.00           1144.0
544.08           680.0
544.16           899.0
544.24           126.0
544.31           985.0
544.39           782.0
544.47           1324.0
544.55           473.0
544.62           1709.0
544.70           1186.0
544.78           1979.0
544.86           933.0
544.93           1202.0
545.01            77.0
545.09           1033.0
545.17           837.0
545.24           1206.0
545.32           378.0
545.40           1212.0
545.47           655.0
545.55           1807.0
545.63           1288.0
545.71           1542.0
545.78           320.0
545.86           820.0
545.94           344.0
546.02           772.0
546.09           365.0
546.17           1059.0
546.25           659.0
546.33           1429.0
546.40           829.0
546.48           1391.0
546.56           600.0
546.64           985.0
546.71           261.0
546.79           1061.0
546.87           692.0
546.95           1417.0
547.02           801.0
547.10           1304.0
547.18           459.0
547.26           1142.0
547.33           515.0
547.41           1562.0
547.49           1062.0
547.57           1621.0
547.64           620.0
547.72           1142.0
547.80           400.0
547.88           1039.0
547.95           528.0
548.03           1324.0
548.11           834.0
548.19           1294.0
548.26           390.0
548.34           1382.0
548.42           901.0
548.50           1604.0
548.57           696.0
548.65           1536.0
548.73           825.0
548.81           1277.0
548.88           409.0
548.96           1064.0
549.04           547.0
549.12           1233.0
549.19           705.0
549.27           1259.0
549.35           514.0
549.43           1320.0
549.50           708.0
549.58           1654.0
549.66           907.0
549.74           1844.0
549.81           1047.0
549.89           1228.0
549.97            77.0
550.05           854.0
550.12           599.0
550.20           1192.0
550.28           604.0
550.36           1365.0
550.43           774.0
550.51           1373.0
550.59           452.0
550.67           1805.0
550.74           1340.0
550.82           1977.0
550.90           711.0
550.98           1479.0
551.05           620.0
551.13           1371.0
551.21           664.0
551.29           1451.0
551.36           728.0
551.44           1582.0
551.52           887.0
551.60           1321.0
551.67           279.0
551.75           1494.0
551.83           1070.0
551.91           2026.0
551.98           1075.0
552.06           1649.0
552.14           467.0
552.22           1432.0
552.30           887.0
552.37           1321.0
552.45           337.0
552.53           1455.0
552.61           1175.0
552.68           1169.0
552.76             0.0
552.84           992.0
552.92           898.0
552.99           1361.0
553.07           626.0
553.15           875.0
553.23           141.0
553.30           792.0
553.38           630.0
553.46           764.0
553.54            82.0
553.61           997.0
553.69           841.0
553.77           1453.0
553.85           730.0
553.92           1255.0
554.00           412.0
554.08           1391.0
554.16           1000.0
554.23           1224.0
554.31           174.0
554.39           1172.0
554.47           915.0
554.54           1323.0
554.62           460.0
554.70           1121.0
554.78           558.0
554.86           1254.0
554.93           615.0
555.01           1561.0
555.09           1015.0
555.17           1316.0
555.24           292.0
555.32           949.0
555.40           524.0
555.48           1109.0
555.55           517.0
555.63           1474.0
555.71           1024.0
555.79           1411.0
555.86           301.0
555.94           1523.0
556.02           1153.0
556.10           1694.0
556.17           624.0
556.25           1278.0
556.33           588.0
556.41           1017.0
556.48           370.0
556.56           997.0
556.64           494.0
556.72           1522.0
556.80           1077.0
556.87           1649.0
556.95           639.0
557.03           1200.0
557.11           410.0
557.18           1236.0
557.26           745.0
557.34           1407.0
557.42           655.0
557.49           1433.0
557.57           793.0
557.65           1213.0
557.73           430.0
557.80           888.0
557.88           398.0
557.96           838.0
558.04           418.0
558.12           976.0
558.19           598.0
558.27           946.0
558.35           357.0
558.43           903.0
558.50           478.0
558.58           1148.0
558.66           591.0
558.74           1658.0
558.81           1065.0
558.89           1939.0
558.97           1016.0
559.05           1348.0
559.12           157.0
559.20           1377.0
559.28           1088.0
559.36           1803.0
559.44           874.0
559.51           1371.0
559.59           484.0
559.67           864.0
559.75           249.0
559.82           977.0
559.90           704.0
559.98           1212.0
560.06           573.0
560.13           1149.0
560.21           445.0
560.29           1568.0
560.37           1007.0
560.45           2247.0
560.52           1297.0
560.60           2219.0
560.68           952.0
560.76           1609.0
560.83           518.0
560.91           1304.0
560.99           699.0
561.07           1238.0
561.14           556.0
561.22           1013.0
561.30           322.0
561.38           1294.0
561.45           968.0
561.53           1481.0
561.61           654.0
561.69           935.0
561.77           150.0
561.84           1002.0
561.92           776.0
562.00           1406.0
562.08           752.0
562.15           1268.0
562.23           382.0
562.31           1538.0
562.39           1099.0
562.47           1898.0
562.54           897.0
562.62           1521.0
562.70           554.0
562.78           1261.0
562.85           628.0
562.93           1239.0
563.01           607.0
563.09           1171.0
563.16           570.0
563.24           1038.0
563.32           311.0
563.40           1519.0
563.48           1160.0
563.55           2034.0
563.63           954.0
563.71           1852.0
563.79           912.0
563.86           1348.0
563.94           421.0
564.02           769.0
564.10           203.0
564.18           889.0
564.25           671.0
564.33           1134.0
564.41           530.0
564.49           1104.0
564.56           550.0
564.64           1223.0
564.72           694.0
564.80           1189.0
564.87           477.0
564.95           1244.0
565.03           753.0
565.11           1253.0
565.19           368.0
565.26           1770.0
565.34           1385.0
565.42           2073.0
565.50           782.0
565.57           1628.0
565.65           796.0
565.73           1198.0
565.81           357.0
565.89           915.0
565.96           384.0
566.04           1412.0
566.12           1048.0
566.20           1771.0
566.27           819.0
566.35           1474.0
566.43           519.0
566.51           1644.0
566.59           1148.0
566.66           1474.0
566.74           336.0
566.82           1147.0
566.90           685.0
566.97           1284.0
567.05           632.0
567.13           1220.0
567.21           498.0
567.29           1480.0
567.36           1048.0
567.44           1346.0
567.52           294.0
567.60           1154.0
567.67           802.0
567.75           1174.0
567.83           347.0
567.91           1283.0
567.99           828.0
568.06           1739.0
568.14           967.0
568.22           1719.0
568.30           873.0
568.37           978.0
568.45             0.0
568.53           823.0
568.61           733.0
568.69           1284.0
568.76           645.0
568.84           1353.0
568.92           765.0
569.00           1155.0
569.07           353.0
569.15           1155.0
569.23           743.0
569.31           1441.0
569.39           805.0
569.46           1244.0
569.54           389.0
569.62           1237.0
569.70           792.0
569.78           1489.0
569.85           811.0
569.93           1175.0
570.01           261.0
570.09           1335.0
570.16           1121.0
570.24           1234.0
570.32           128.0
570.40           1088.0
570.48           800.0
570.55           1593.0
570.63           915.0
570.71           1458.0
570.79           528.0
570.86           1312.0
570.94           692.0
571.02           1511.0
571.10           832.0
571.18           1568.0
571.25           780.0
571.33           1379.0
571.41           461.0
571.49           1654.0
571.57           1219.0
571.64           1678.0
571.72           505.0
571.80           1355.0
571.88           813.0
571.95           1161.0
572.03           304.0
572.11           1199.0
572.19           832.0
572.27           1524.0
572.34           820.0
572.42           1243.0
572.50           375.0
572.58           1131.0
572.66           643.0
572.73           1533.0
572.81           965.0
572.89           1499.0
572.97           518.0
573.04           1464.0
573.12           917.0
573.20           1468.0
573.28           432.0
573.36           1906.0
573.43           1465.0
573.51           2190.0
573.59           896.0
573.67           1487.0
573.75           449.0
573.82           1286.0
573.90           839.0
573.98           1117.0
574.06           280.0
574.14           1000.0
574.21           670.0
574.29           1223.0
574.37           527.0
574.45           1573.0
574.52           1141.0
574.60           1439.0
574.68           356.0
574.76           1027.0
574.84           584.0
574.91           1016.0
574.99           314.0
575.07           1627.0
575.15           1282.0
575.23           2182.0
575.30           1054.0
575.38           1839.0
575.46           717.0
575.54           1526.0
575.62           769.0
575.69           1315.0
575.77           508.0
575.85           1243.0
575.93           749.0
576.00           1180.0
576.08           380.0
576.16           1379.0
576.24           1067.0
576.32           1232.0
576.39           192.0
576.47           1002.0
576.55           663.0
576.63           1392.0
576.71           768.0
576.78           1625.0
576.86           963.0
576.94           1310.0
577.02           367.0
577.10           987.0
577.17           444.0
577.25           1482.0
577.33           1148.0
577.41           1509.0
577.49           486.0
577.56           961.0
577.64           254.0
577.72           1418.0
577.80           1265.0
577.88           1413.0
577.95           167.0
578.03           1289.0
578.11           1136.0
578.19           1118.0
578.27             0.0
578.34           1134.0
578.42           1068.0
578.50           1683.0
578.58           720.0
578.65           1684.0
578.73           985.0
578.81           1493.0
578.89           477.0
578.97           1349.0
579.04           888.0
579.12           1182.0
579.20           255.0
579.28           1225.0
579.36           930.0
579.43           1513.0
579.51           648.0
579.59           1513.0
579.67           783.0
579.75           1764.0
579.82           1085.0
579.90           1466.0
579.98           411.0
580.06           957.0
580.14           387.0
580.21           1224.0
580.29           901.0
580.37           1239.0
580.45           322.0
580.53           1356.0
580.60           932.0
580.68           1838.0
580.76           1084.0
580.84           1391.0
580.92           208.0
580.99           1309.0
581.07           979.0
581.15           1710.0
581.23           939.0
581.31           1162.0
581.38           135.0
581.46           1047.0
581.54           762.0
581.62           1635.0
581.70           925.0
581.77           1906.0
581.85           1071.0
581.93           1571.0
582.01           524.0
582.09           1098.0
582.16           463.0
582.24           1158.0
582.32           556.0
582.40           1858.0
582.48           1374.0
582.55           2051.0
582.63           792.0
582.71           1509.0
582.79           604.0
582.87           1336.0
582.94           598.0
583.02           1706.0
583.10           1179.0
583.18           1713.0
583.26           538.0
583.33           1601.0
583.41           946.0
583.49           1905.0
583.57           1084.0
583.65           1530.0
583.72           457.0
583.80           1047.0
583.88           442.0
583.96           1240.0
584.04           774.0
584.11           1577.0
584.19           829.0
584.27           1705.0
584.35           921.0
584.43           1557.0
584.51           679.0
584.58           1183.0
584.66           423.0
584.74           1224.0
584.82           781.0
584.90           1394.0
584.97           688.0
585.05           1271.0
585.13           588.0
585.21           1134.0
585.29           539.0
585.36           1110.0
585.44           631.0
585.52           937.0
585.60           260.0
585.68           1119.0
585.75           819.0
585.83           1581.0
585.91           815.0
585.99           1770.0
586.07           934.0
586.14           1901.0
586.22           994.0
586.30           1707.0
586.38           778.0
586.46           1117.0
586.53           266.0
586.61           890.0
586.69           590.0
586.77           980.0
586.85           349.0
586.93           1381.0
587.00           1075.0
587.08           1622.0
587.16           674.0
587.24           1318.0
587.32           571.0
587.39           1356.0
587.47           782.0
587.55           1470.0
587.63           732.0
587.71           1374.0
587.78           651.0
587.86           1295.0
587.94           702.0
588.02           1030.0
588.10           334.0
588.17           920.0
588.25           453.0
588.33           1557.0
588.41           1250.0
588.49           1573.0
588.57           390.0
588.64           1320.0
588.72           782.0
588.80           1712.0
588.88           962.0
588.96           1931.0
589.03           995.0
589.11           1907.0
589.19           910.0
589.27           1811.0
589.35           914.0
589.42           1555.0
589.50           569.0
589.58           1649.0
589.66           1085.0
589.74           1692.0
589.82           704.0
589.89           1316.0
589.97           641.0
590.05           946.0
590.13           312.0
590.21           790.0
590.28           395.0
590.36           1272.0
590.44           887.0
590.52           1848.0
590.60           1125.0
590.67           1640.0
590.75           450.0
590.83           1694.0
590.91           1249.0
590.99           1642.0
591.07           488.0
591.14           1210.0
591.22           597.0
591.30           1379.0
591.38           747.0
591.46           1810.0
591.53           1118.0
591.61           1907.0
591.69           883.0
591.77           1505.0
591.85           650.0
591.93           1013.0
592.00           212.0
592.08           1269.0
592.16           1169.0
592.24           1236.0
592.32            94.0
592.39           1234.0
592.47           1069.0
592.55           1666.0
592.63           810.0
592.71           1225.0
592.79           307.0
592.86           1342.0
592.94           1154.0
593.02           1024.0
593.10             0.0
593.18           972.0
593.25           912.0
593.33           1885.0
593.41           1146.0
593.49           2049.0
593.57           1027.0
593.65           1537.0
593.72           556.0
593.80           901.0
593.88           234.0
593.96           991.0
594.04           754.0
594.11           1342.0
594.19           637.0
594.27           1600.0
594.35           1020.0
594.43           1647.0
594.51           712.0
594.58           1370.0
594.66           557.0
594.74           1635.0
594.82           1119.0
594.90           1750.0
594.97           651.0
595.05           1806.0
595.13           1167.0
595.21           1738.0
595.29           617.0
595.37           1501.0
595.44           849.0
595.52           1473.0
595.60           763.0
595.68           961.0
595.76           179.0
595.83           793.0
595.91           591.0
595.99           1039.0
596.07           546.0
596.15           1115.0
596.23           628.0
596.30           1216.0
596.38           546.0
596.46           1626.0
596.54           1293.0
596.62           1232.0
596.70             5.0
596.77           723.0
596.85           642.0
596.93           884.0
597.01           256.0
597.09           1250.0
597.16           1059.0
597.24           1486.0
597.32           636.0
597.40           949.0
597.48           274.0
597.56           793.0
597.63           493.0
597.71           1079.0
597.79           588.0
597.87           1583.0
597.95           1056.0
598.03           1893.0
598.10           967.0
598.18           1605.0
598.26           612.0
598.34           1450.0
598.42           784.0
598.50           1580.0
598.57           924.0
598.65           1260.0
598.73           199.0
598.81           1653.0
598.89           1426.0
598.96           2225.0
599.04           1054.0
599.12           1631.0
599.20           429.0
599.28           1698.0
599.36           1259.0
599.43           1825.0
599.51           618.0
599.59           1743.0
599.67           1065.0
599.75           1863.0
599.83           951.0
599.90           1374.0
599.98           319.0
600.06           1385.0
600.14           1032.0
600.22           1638.0
600.30           752.0
600.37           1375.0
600.45           501.0
600.53           1699.0
600.61           1329.0
600.69           1535.0
600.77           159.0
600.84           1679.0
600.92           1569.0
601.00           1629.0
599.08           160.0
599.16           1259.0
599.23           921.0
599.31           1755.0
599.39           1059.0
599.47           1394.0
599.55           402.0
599.63           882.0
599.70           346.0
599.78           1285.0
599.86           1074.0
599.94           1289.0
600.02           447.0
600.10           630.0
600.17            35.0
600.25           1003.0
600.33           1014.0
600.41           1540.0
600.49           766.0
600.57           1309.0
600.64           526.0
600.72           1321.0
600.80           720.0
600.88           1826.0
600.96           1277.0
601.04           1576.0
601.11           290.0
601.19           1436.0
601.27           1110.0
601.35           1546.0
601.43           579.0
601.50           1217.0
601.58           638.0
601.66           1151.0
601.74           470.0
601.82           1544.0
601.90           1170.0
601.97           1728.0
602.05           685.0
602.13           1453.0
602.21           804.0
602.29           1211.0
602.37           498.0
602.44           869.0
602.52           262.0
602.60           1351.0
602.68           1265.0
602.76           1397.0
602.84           354.0
602.91           801.0
602.99           292.0
603.07           1339.0
603.15           1194.0
603.23           1544.0
603.30           614.0
603.38           963.0
603.46           187.0
603.54           1416.0
603.62           1320.0
603.70           1766.0
603.77           632.0
603.85           1514.0
603.93           892.0
604.01           1388.0
604.09           625.0
604.17           1075.0
604.24           446.0
604.32           1135.0
604.40           795.0
604.48           1151.0
604.56           363.0
604.63           1536.0
604.71           1256.0
604.79           1792.0
604.87           727.0
604.95           1470.0
605.03           709.0
605.10           1529.0
605.18           902.0
605.26           1505.0
605.34           789.0
605.42           981.0
605.49           139.0
605.57           1120.0
605.65           905.0
605.73           1920.0
605.81           1336.0
605.89           1523.0
605.96           236.0
606.04           1134.0
606.12           824.0
606.20           1403.0
606.28           692.0
606.35           1510.0
606.43           975.0
606.51           1264.0
606.59           329.0
606.67           1338.0
606.75           1060.0
606.82           1528.0
606.90           722.0
606.98           1066.0
607.06           253.0
607.14           1403.0
607.21           1262.0
607.29           1575.0
607.37           542.0
607.45           1067.0
607.53           495.0
607.61           1089.0
607.68           657.0
607.76           1325.0
607.84           800.0
607.92           1378.0
608.00           679.0
608.07           1450.0
608.15           862.0
608.23           1491.0
608.31           767.0
608.39           1344.0
608.47           643.0
608.54           1316.0
608.62           721.0
608.70           1485.0
608.78           900.0
608.86           1423.0
608.93           544.0
609.01           1605.0
609.09           1108.0
609.17           1866.0
609.25           976.0
609.33           1446.0
609.40           561.0
609.48           1009.0
609.56           481.0
609.64           916.0
609.72           415.0
609.79           1452.0
609.87           1246.0
609.95           1440.0
610.03           305.0
610.11           1338.0
610.18           1068.0
610.26           1422.0
610.34           471.0
610.42           1357.0
610.50           805.0
610.58           1925.0
610.65           1398.0
610.73           1540.0
610.81           227.0
610.89           1122.0
610.97           850.0
611.04           1439.0
611.12           732.0
611.20           1580.0
611.28           1010.0
611.36           1476.0
611.43           584.0
611.51           1275.0
611.59           767.0
611.67           1257.0
611.75           669.0
611.83           1017.0
611.90           420.0
611.98           1053.0
612.06           666.0
612.14           1516.0
612.22           1030.0
612.29           1628.0
612.37           772.0
612.45           1413.0
612.53           695.0
612.61           1514.0
612.68           896.0
612.76           1870.0
612.84           1205.0
612.92           1830.0
613.00           808.0
613.07           1608.0
613.15           828.0
613.23           1805.0
613.31           1199.0
613.39           1512.0
613.47           470.0
613.54           1072.0
613.62           612.0
613.70           1146.0
613.78           600.0
613.86           1618.0
613.93           1174.0
614.01           1872.0
614.09           960.0
614.17           1465.0
614.25           604.0
614.32           1100.0
614.40           569.0
614.48           1059.0
614.56           652.0
614.64           921.0
614.71           346.0
614.79           1129.0
614.87           919.0
614.95           1375.0
615.03           658.0
615.10           1353.0
615.18           811.0
615.26           1410.0
615.34           874.0
615.42           964.0
615.49           271.0
615.57           550.0
615.65           330.0
615.73           951.0
615.81           851.0
615.89           1376.0
615.96           781.0
616.04           1540.0
616.12           976.0
616.20           1510.0
616.28           726.0
616.35           1281.0
616.43           675.0
616.51           1142.0
616.59           503.0
616.67           1513.0
616.74           1200.0
616.82           1652.0
616.90           611.0
616.98           1687.0
617.06           1201.0
617.13           1775.0
617.21           815.0
617.29           1350.0
617.37           549.0
617.45           1488.0
617.52           1122.0
617.60           1419.0
617.68           475.0
617.76           1193.0
617.84           743.0
617.91           1558.0
617.99           1111.0
618.07           1322.0
618.15           343.0
618.23           1358.0
618.30           1144.0
618.38           1652.0
618.46           823.0
618.54           1411.0
618.62           680.0
618.69           1541.0
618.77           1064.0
618.85           1540.0
618.93           636.0
619.01           1557.0
619.08           1210.0
619.16           1156.0
619.24           187.0
619.32           723.0
619.40           662.0
619.47           1047.0
619.55           701.0
619.63           1285.0
619.71           869.0
619.79           1438.0
619.86           743.0
619.94           1831.0
620.02           1410.0
620.10           1557.0
620.18           325.0
620.25           1303.0
620.33           1133.0
620.41           1299.0
620.49           411.0
620.57           1226.0
620.64           922.0
620.72           1778.0
620.80           1222.0
620.88           1771.0
620.96           825.0
621.03           1536.0
621.11           925.0
621.19           1610.0
621.27           1016.0
621.35           1400.0
621.42           630.0
621.50           1336.0
621.58           935.0
621.66           1366.0
621.73           695.0
621.81           1211.0
621.89           533.0
621.97           1879.0
622.05           1585.0
622.12           2342.0
622.20           1149.0
622.28           1822.0
622.36           849.0
622.44           1493.0
622.51           671.0
622.59           2097.0
622.67           1869.0
622.75           1927.0
622.83           504.0
622.90           1226.0
622.98           842.0
623.06           1543.0
623.14           1157.0
623.22           1380.0
623.29           546.0
623.37           1278.0
623.45           951.0
623.53           1568.0
623.61           1061.0
623.68           1339.0
623.76           518.0
623.84           1565.0
623.92           1373.0
624.00           1912.0
624.07           1071.0
624.15           1694.0
624.23           1011.0
624.31           1533.0
624.38           814.0
624.46           1788.0
624.54           1372.0
624.62           1661.0
624.70           571.0
624.77           1382.0
624.85           936.0
624.93           1558.0
625.01           904.0
625.09           1516.0
625.16           772.0
625.24           1726.0
625.32           1166.0
625.40           1978.0
625.48           1200.0
625.55           1611.0
625.63           666.0
625.71           1502.0
625.79           1232.0
625.86           1330.0
625.94           565.0
626.02           972.0
626.10           758.0
626.18           925.0
626.25           615.0
626.33           746.0
626.41           466.0
626.49           834.0
626.57           747.0
626.64           1080.0
626.72           666.0
626.80           1609.0
626.88           1336.0
626.96           2056.0
627.03           1243.0
627.11           1773.0
627.19           900.0
627.27           1501.0
627.34           1081.0
627.42           1083.0
627.50           465.0
627.58           1145.0
627.66           1211.0
627.73           1439.0
627.81           948.0
627.89           1512.0
627.97           1161.0
628.05           1531.0
628.12           1045.0
628.20           1529.0
628.28           949.0
628.36           1925.0
628.43           1490.0
628.51           2169.0
628.59           1276.0
628.67           1560.0
628.75           524.0
628.82           1300.0
628.90           968.0
628.98           1628.0
629.06           1020.0
629.14           1703.0
629.21           960.0
629.29           1869.0
629.37           1328.0
629.45           1479.0
629.52           421.0
629.60           1322.0
629.68           1140.0
629.76           1664.0
629.84           911.0
629.91           1716.0
629.99           1141.0
630.07           1635.0
630.15           792.0
630.22           1582.0
630.30           1075.0
630.38           1532.0
630.46           708.0
630.54           1711.0
630.61           1287.0
630.69           1984.0
630.77           1199.0
630.85           1653.0
630.93           798.0
631.00           1745.0
631.08           1573.0
631.16           1516.0
631.24           573.0
631.31           1007.0
631.39           787.0
631.47           1643.0
631.55           1557.0
631.63           1608.0
631.70           571.0
631.78           1439.0
631.86           1245.0
631.94           1895.0
632.01           1235.0
632.09           2197.0
632.17           1799.0
632.25           1837.0
632.33           1004.0
632.40           1175.0
632.48           1002.0
632.56           1348.0
632.64           1264.0
632.71           1795.0
632.79           1620.0
632.87           1575.0
632.95           717.0
633.03           1690.0
633.10           1773.0
633.18           1945.0
633.26           1098.0
633.34           1622.0
633.41           1415.0
633.49           1205.0
633.57           675.0
633.65           1387.0
633.73           1639.0
633.80           1878.0
633.88           1390.0
633.96           1891.0
634.04           1455.0
634.11           2053.0
634.19           2025.0
634.27           2175.0
634.35           2514.0
634.43           2568.0
634.50           3088.0
634.58           2321.0
634.66           2493.0
634.74           1988.0
634.81           2407.0
634.89           1998.0
634.97           1800.0
635.05           1440.0
635.13           1289.0
635.20           1444.0
635.28           1604.0
635.36           1385.0
635.44           1180.0
635.51           1314.0
635.59           1075.0
635.67           1856.0
635.75           1858.0
635.82           2142.0
635.90           1211.0
635.98           1740.0
636.06           1082.0
636.14           1706.0
636.21           1278.0
636.29           1816.0
636.37           1401.0
636.45           1677.0
636.52           1150.0
636.60           1406.0
636.68           1209.0
636.76           2071.0
636.84           2088.0
636.91           2279.0
636.99           1356.0
637.07           1873.0
637.15           1509.0
637.22           1158.0
637.30           188.0
637.38           1159.0
637.46           1405.0
637.53           1830.0
637.61           1108.0
637.69           1933.0
637.77           1472.0
637.85           1515.0
637.92           578.0
638.00           1162.0
638.08           1087.0
638.16           1352.0
638.23           941.0
638.31           1644.0
638.39           1512.0
638.47           1729.0
638.55           1022.0
638.62           1638.0
638.70           1486.0
638.78           1737.0
638.86           1597.0
638.93           1630.0
639.01           1669.0
639.09           2128.0
639.17           2498.0
639.24           2717.0
639.32           2512.0
639.40           2416.0
639.48           1857.0
639.55           1740.0
639.63           1183.0
639.71           1871.0
639.79           2054.0
639.87           2032.0
639.94           1264.0
640.02           1991.0
640.10           1894.0
640.18           2262.0
640.25           1622.0
640.33           1838.0
640.41           1304.0
640.49           1508.0
640.56           1203.0
640.64           1130.0
640.72           786.0
640.80           1182.0
640.88           1412.0
640.95           1291.0
641.03           1054.0
641.11           1530.0
641.19           2078.0
641.26           2602.0
641.34           2841.0
641.42           3196.0
641.50           2700.0
641.57           2777.0
641.65           2299.0
641.73           2551.0
641.81           2144.0
641.88           2354.0
641.96           2053.0
642.04           2227.0
642.12           1979.0
642.20           2173.0
642.27           2303.0
642.35           2457.0
642.43           2429.0
642.51           2234.0
642.58           2046.0
642.66           1665.0
642.74           1637.0
642.82           1452.0
642.89           1545.0
642.97           1584.0
643.05           1557.0
643.13           1266.0
643.20           1094.0
643.28           1040.0
643.36           1027.0
643.44           1771.0
643.52           2055.0
643.59           1861.0
643.67           1076.0
643.75           1429.0
643.83           1388.0
643.90           1461.0
643.98           1386.0
644.06           1132.0
644.14           902.0
644.21           1533.0
644.29           2141.0
644.37           1851.0
644.45           1843.0
644.52           1707.0
644.60           2170.0
644.68           2025.0
644.76           2412.0
644.83           2114.0
644.91           2302.0
644.99           2058.0
645.07           1977.0
645.14           2133.0
645.22           1979.0
645.30           1976.0
645.38           1617.0
645.46           2003.0
645.53           1696.0
645.61           1781.0
645.69           1242.0
645.77           1563.0
645.84           1795.0
645.92           1386.0
646.00           1668.0
646.08           2697.0
646.15           4093.0
646.23           3979.0
646.31           4018.0
646.39           3929.0
646.46           4019.0
646.54           3930.0
646.62           4017.0
646.70           3927.0
646.77           4017.0
646.85           3930.0
646.93           4019.0
647.01           3930.0
647.08           4218.0
647.16           3203.0
647.24           2724.0
647.32           2525.0
647.39           3331.0
647.47           2494.0
647.55           2257.0
647.63           2168.0
647.70           2490.0
647.78           2422.0
647.86           2510.0
647.94           2668.0
648.02           2664.0
648.09           2268.0
648.17           1853.0
648.25           2065.0
648.33           2378.0
648.40           1797.0
648.48           1333.0
648.56           1581.0
648.64           2021.0
648.71           1805.0
648.79           1882.0
648.87           2526.0
648.95           3238.0
649.02           2842.0
649.10           2594.0
649.18           2602.0
649.26           2655.0
649.33           2351.0
649.41           2003.0
649.49           1686.0
649.57           1256.0
649.64           1638.0
649.72           1756.0
649.80           1575.0
649.88           1444.0
649.95           1583.0
650.03           2211.0
650.11           1796.0
650.19           2441.0
650.26           2490.0
650.34           3583.0
650.42           3001.0
650.50           2991.0
650.57           2083.0
650.65           1923.0
650.73           1307.0
650.81           1177.0
650.88           1598.0
650.96           1734.0
651.04           1933.0
651.12           1356.0
651.19           2298.0
651.27           2001.0
651.35           2425.0
651.43           1528.0
651.50           1985.0
651.58           1408.0
651.66           1859.0
651.74           1504.0
651.81           1780.0
651.89           1362.0
651.97           1876.0
652.05           1637.0
652.12           2272.0
652.20           1952.0
652.28           2153.0
652.36           1646.0
652.43           1454.0
652.51           1207.0
652.59           1579.0
652.67           2227.0
652.74           2278.0
652.82           2334.0
652.90           2146.0
652.98           2098.0
653.05           2177.0
653.13           2558.0
653.21           2413.0
653.29           1916.0
653.36           1945.0
653.44           2087.0
653.52           2085.0
653.60           1661.0
653.67           1959.0
653.75           1852.0
653.83           2183.0
653.91           2086.0
653.98           2441.0
654.06           2386.0
654.14           2456.0
654.22           2149.0
654.29           1951.0
654.37           1732.0
654.45           1922.0
654.53           1837.0
654.60           1876.0
654.68           1622.0
654.76           1780.0
654.83           1524.0
654.91           1732.0
654.99           1515.0
655.07           2155.0
655.14           2145.0
655.22           1965.0
655.30           1223.0
655.38           1925.0
655.45           2054.0
655.53           1791.0
655.61           1215.0
655.69           1855.0
655.76           2179.0
655.84           2191.0
655.92           1937.0
656.00           1890.0
656.07           1675.0
656.15           2094.0
656.23           2190.0
656.31           2189.0
656.38           1543.0
656.46           2279.0
656.54           2004.0
656.62           2624.0
656.69           2170.0
656.77           2265.0
656.85           1686.0
656.93           1940.0
657.00           2048.0
657.08           1663.0
657.16           1486.0
657.24           1524.0
657.31           1923.0
657.39           2197.0
657.47           2307.0
657.54           2107.0
657.62           1602.0
657.70           1973.0
657.78           1747.0
657.85           2213.0
657.93           1895.0
658.01           1858.0
658.09           1038.0
658.16           1553.0
658.24           1527.0
658.32           1993.0
658.40           1934.0
658.47           2245.0
658.55           1981.0
658.63           2036.0
658.71           1557.0
658.78           2070.0
658.86           1994.0
658.94           2213.0
659.02           1720.0
659.09           1702.0
659.17           1186.0
659.25           1247.0
659.32           1165.0
659.40           1254.0
659.48           1336.0
659.56           1403.0
659.63           1264.0
659.71           1455.0
659.79           1482.0
659.87           2040.0
659.94           2102.0
660.02           1727.0
660.10           944.0
660.18           1226.0
660.25           1283.0
660.33           1727.0
660.41           1400.0
660.49           2041.0
660.56           1560.0
660.64           2062.0
660.72           1320.0
660.79           1885.0
660.87           1253.0
660.95           2234.0
661.03           1810.0
661.10           2303.0
661.18           1436.0
661.26           2078.0
661.34           1710.0
661.41           1765.0
661.49           1345.0
661.57           1605.0
661.65           1312.0
661.72           1928.0
661.80           1692.0
661.88           2407.0
661.95           1745.0
662.03           1828.0
662.11           766.0
662.19           1384.0
662.26           1292.0
662.34           1460.0
662.42           1110.0
662.50           1071.0
662.57           605.0
662.65           1298.0
662.73           1408.0
662.81           1576.0
662.88           970.0
662.96           1105.0
663.04           706.0
663.11           1050.0
663.19           820.0
663.27           1835.0
663.35           1736.0
663.42           2084.0
663.50           1073.0
663.58           1768.0
663.66           1185.0
663.73           1633.0
663.81           925.0
663.89           1674.0
663.97           1254.0
664.04           1683.0
664.12           937.0
664.20           1727.0
664.27           1312.0
664.35           1761.0
664.43           1032.0
664.51           1682.0
664.58           1241.0
664.66           1456.0
664.74           832.0
664.82           1211.0
664.89           963.0
664.97           1271.0
665.05           932.0
665.12           1695.0
665.20           1567.0
665.28           1569.0
665.36           799.0
665.43           1972.0
665.51           2147.0
665.59           1934.0
665.67           734.0
665.74           1557.0
665.82           1545.0
665.90           1677.0
665.97           819.0
666.05           1262.0
666.13           852.0
666.21           1414.0
666.28           989.0
666.36           1739.0
666.44           1291.0
666.52           1551.0
666.59           675.0
666.67           1409.0
666.75           1101.0
666.82           1360.0
666.90           725.0
666.98           971.0
667.06           514.0
667.13           1095.0
667.21           926.0
667.29           1346.0
667.37           850.0
667.44           1364.0
667.52           941.0
667.60           1349.0
667.67           841.0
667.75           1280.0
667.83           800.0
667.91           1472.0
667.98           1003.0
668.06           1935.0
668.14           1362.0
668.22           1899.0
668.29           976.0
668.37           1356.0
668.45           560.0
668.52           1576.0
668.60           1339.0
668.68           1896.0
668.76           1024.0
668.83           1603.0
668.91           911.0
668.99           1471.0
669.06           928.0
669.14           1159.0
669.22           593.0
669.30           851.0
669.37           416.0
669.45           1299.0
669.53           1145.0
669.61           2004.0
669.68           1279.0
669.76           2024.0
669.84           1084.0
669.91           1784.0
669.99           888.0
670.07           1930.0
670.15           1326.0
670.22           1930.0
670.30           960.0
670.38           1565.0
670.45           849.0
670.53           1210.0
670.61           540.0
670.69           1364.0
670.76           1126.0
670.84           1419.0
670.92           608.0
671.00           1256.0
671.07           791.0
671.15           1621.0
671.23           1133.0
671.30           1715.0
671.38           857.0
671.46           1558.0
671.54           908.0
671.61           1519.0
671.69           889.0
671.77           1291.0
671.84           681.0
671.92           1016.0
672.00           450.0
672.08           1350.0
672.15           1153.0
672.23           1742.0
672.31           941.0
672.38           1647.0
672.46           995.0
672.54           1311.0
672.62           507.0
672.69           1316.0
672.77           1127.0
672.85           976.0
672.92            52.0
673.00           894.0
673.08           1016.0
673.16           1152.0
673.23           455.0
673.31           1141.0
673.39           788.0
673.46           1684.0
673.54           1272.0
673.62           1529.0
673.70           527.0
673.77           1135.0
673.85           759.0
673.93           1114.0
674.00           584.0
674.08           1126.0
674.16           703.0
674.24           1462.0
674.31           938.0
674.39           1906.0
674.47           1297.0
674.54           1705.0
674.62           626.0
674.70           1345.0
674.78           855.0
674.85           1201.0
674.93           485.0
675.01           1270.0
675.08           837.0
675.16           1847.0
675.24           1412.0
675.32           1399.0
675.39           169.0
675.47           943.0
675.55           831.0
675.62           1266.0
675.70           608.0
675.78           1646.0
675.86           1269.0
675.93           1727.0
676.01           621.0
676.09           1743.0
676.16           1331.0
676.24           1422.0
676.32           281.0
676.40           1055.0
676.47           862.0
676.55           1174.0
676.63           518.0
676.70           1253.0
676.78           939.0
676.86           1266.0
676.94           417.0
677.01           1647.0
677.09           1331.0
677.17           2177.0
677.24           1187.0
677.32           1709.0
677.40           482.0
677.48           1980.0
677.55           1683.0
677.63           1954.0
677.71           598.0
677.78           1096.0
677.86           386.0
677.94           1474.0
678.02           1327.0
678.09           1537.0
678.17           490.0
678.25           1059.0
678.32           1015.0
678.40           1199.0
678.48           776.0
678.55           776.0
