521.45           838.0
521.52           706.0
521.60           1278.0
521.68           1320.0
521.75           1694.0
521.83           1142.0
521.91           1823.0
521.98           1485.0
522.06           1667.0
522.14           1012.0
522.22           1204.0
522.29           862.0
522.37           1394.0
522.45           1452.0
522.52           1029.0
522.60           368.0
522.68           875.0
522.76           1174.0
522.83           1188.0
522.91           856.0
522.99           1498.0
523.06           1416.0
523.14           1570.0
523.22           889.0
523.30           1824.0
523.37           1628.0
523.45           2031.0
523.53           1187.0
523.60           1813.0
523.68           1299.0
523.76           1939.0
523.84           1512.0
523.91           1598.0
523.99           897.0
524.07           1412.0
524.14           1315.0
524.22           1570.0
524.30           1132.0
524.38           1492.0
524.45           1172.0
524.53           1352.0
524.61           1051.0
524.68           1295.0
524.76           993.0
524.84           1349.0
524.92           1236.0
524.99           1730.0
525.07           1294.0
525.15           1833.0
525.22           1357.0
525.30           1979.0
525.38           1326.0
525.46           1899.0
525.53           1235.0
525.61           1874.0
525.69           1320.0
525.76           1961.0
525.84           1341.0
525.92           1861.0
526.00           1341.0
526.07           1696.0
526.15           982.0
526.23           1622.0
526.30           1393.0
526.38           1768.0
526.46           1104.0
526.54           1730.0
526.61           1367.0
526.69           1604.0
526.77           965.0
526.84           1397.0
526.92           995.0
527.00           1954.0
527.08           1625.0
527.15           2284.0
527.23           1524.0
527.31           2039.0
527.38           1226.0
527.46           1649.0
527.54           1109.0
527.62           1657.0
527.69           1274.0
527.77           1830.0
527.85           1346.0
527.92           1728.0
528.00           1060.0
528.08           2029.0
528.16           1717.0
528.23           1884.0
528.31           1059.0
528.39           1302.0
528.46           786.0
528.54           1401.0
528.62           1466.0
528.70           1512.0
528.77           825.0
528.85           1571.0
528.93           1455.0
529.00           1954.0
529.08           1307.0
529.16           2169.0
529.24           1678.0
529.31           1950.0
529.39           987.0
529.47           1808.0
529.55           1526.0
529.62           1969.0
529.70           1251.0
529.78           1834.0
529.85           1264.0
529.93           2100.0
530.01           1559.0
530.09           2551.0
530.16           1895.0
530.24           2212.0
530.32           1094.0
530.39           2039.0
530.47           1626.0
530.55           2160.0
530.63           1463.0
530.70           1897.0
530.78           1238.0
530.86           1526.0
530.94           967.0
531.01           1629.0
531.09           1506.0
531.17           1663.0
531.24           953.0
531.32           1709.0
531.40           1518.0
531.48           1920.0
531.55           1354.0
531.63           1652.0
531.71           1138.0
531.78           1351.0
531.86           963.0
531.94           1424.0
532.02           1366.0
532.09           1542.0
532.17           931.0
532.25           1770.0
532.33           1670.0
532.40           1950.0
532.48           1250.0
532.56           1664.0
532.63           1060.0
532.71           1740.0
532.79           1464.0
532.87           2179.0
532.94           1667.0
533.02           1567.0
533.10           584.0
533.18           1323.0
533.25           1370.0
533.33           1762.0
533.41           1208.0
533.48           1896.0
533.56           1573.0
533.64           1533.0
533.72           779.0
533.79           997.0
533.87           876.0
533.95           1456.0
534.03           1429.0
534.10           1783.0
534.18           1395.0
534.26           1255.0
534.33           639.0
534.41           1075.0
534.49           1049.0
534.57           1777.0
534.64           1701.0
534.72           1877.0
534.80           1166.0
534.88           1203.0
534.95           681.0
535.03           1248.0
535.11           1391.0
535.18           1412.0
535.26           851.0
535.34           1327.0
535.42           1016.0
535.49           2185.0
535.57           2050.0
535.65           2252.0
535.73           1107.0
535.80           1650.0
535.88           1208.0
535.96           1341.0
536.03           887.0
536.11           1611.0
536.19           1541.0
536.27           1599.0
536.34           901.0
536.42           1276.0
536.50           927.0
536.58           1704.0
536.65           1418.0
536.73           2361.0
536.81           1813.0
536.89           2080.0
536.96           1041.0
537.04           1487.0
537.12           1062.0
537.19           1751.0
537.27           1444.0
537.35           1912.0
537.43           1276.0
537.50           1952.0
537.58           1528.0
537.66           1651.0
537.74           791.0
537.81           1679.0
537.89           1544.0
537.97           2303.0
538.05           1728.0
538.12           1821.0
538.20           929.0
538.28           1141.0
538.35           914.0
538.43           787.0
538.51           568.0
538.59           1154.0
538.66           1377.0
538.74           1585.0
538.82           1148.0
538.90           1247.0
538.97           857.0
539.05           1078.0
539.13           963.0
539.21           1227.0
539.28           988.0
539.36           1461.0
539.44           1372.0
539.51           1505.0
539.59           905.0
539.67           1316.0
539.75           1121.0
539.82           1413.0
539.90           957.0
539.98           2099.0
540.06           2005.0
540.13           2095.0
540.21           937.0
540.29           1690.0
540.37           1298.0
540.44           1930.0
540.52           1452.0
540.60           1736.0
540.68           927.0
540.75           1640.0
540.83           1273.0
540.91           2012.0
540.98           1468.0
541.06           2247.0
541.14           1493.0
541.22           2045.0
541.29           1281.0
541.37           1726.0
541.45           1120.0
541.53           1637.0
541.60           1186.0
541.68           1786.0
541.76           1476.0
541.84           1449.0
541.91           673.0
541.99           1421.0
542.07           1497.0
542.15           1551.0
542.22           867.0
542.30           1341.0
542.38           1153.0
542.46           1392.0
542.53           963.0
542.61           1465.0
542.69           1185.0
542.76           1547.0
542.84           1076.0
542.92           1921.0
543.00           1668.0
543.07           2000.0
543.15           1104.0
543.23           1926.0
543.31           1600.0
543.38           1759.0
543.46           883.0
543.54           1487.0
543.62           1273.0
543.69           1384.0
543.77           801.0
543.85           1584.0
543.93           1545.0
544.00           1750.0
544.08           1057.0
544.16           1548.0
544.24           1151.0
544.31           1703.0
544.39           1424.0
544.47           1464.0
544.55           751.0
544.62           1250.0
544.70           1295.0
544.78           1253.0
544.86           795.0
544.93           848.0
545.01           733.0
545.09           987.0
545.17           936.0
545.24           1464.0
545.32           1395.0
545.40           1508.0
545.47           917.0
545.55           1488.0
545.63           1391.0
545.71           1544.0
545.78           1118.0
545.86           1157.0
545.94           800.0
546.02           1243.0
546.09           1256.0
546.17           1603.0
546.25           1230.0
546.33           1594.0
546.40           1158.0
546.48           1809.0
546.56           1461.0
546.64           1581.0
546.71           929.0
546.79           1423.0
546.87           1126.0
546.95           1386.0
547.02           1105.0
547.10           1299.0
547.18           817.0
547.26           1542.0
547.33           1593.0
547.41           1593.0
547.49           790.0
547.57           1307.0
547.64           1234.0
547.72           1232.0
547.80           736.0
547.88           1375.0
547.95           1340.0
548.03           1756.0
548.11           1299.0
548.19           1735.0
548.26           1230.0
548.34           1428.0
548.42           911.0
548.50           1286.0
548.57           1025.0
548.65           1527.0
548.73           1269.0
548.81           1740.0
548.88           1314.0
548.96           1701.0
549.04           1131.0
549.12           1889.0
549.19           1659.0
549.27           1765.0
549.35           921.0
549.43           1529.0
549.50           1327.0
549.58           1812.0
549.66           1336.0
549.74           1644.0
549.81           1011.0
549.89           1680.0
549.97           1433.0
550.05           1617.0
550.12           992.0
550.20           1348.0
550.28           991.0
550.36           1718.0
550.43           1683.0
550.51           1700.0
550.59           885.0
550.67           1337.0
550.74           1170.0
550.82           1508.0
550.90           1223.0
550.98           1384.0
551.05           915.0
551.13           1579.0
551.21           1485.0
551.29           1659.0
551.36           1024.0
551.44           1527.0
551.52           1193.0
551.60           1673.0
551.67           1320.0
551.75           1315.0
551.83           676.0
551.91           1471.0
551.98           1490.0
552.06           1871.0
552.14           1364.0
552.22           1433.0
552.30           753.0
552.37           1512.0
552.45           1494.0
552.53           1824.0
552.61           1284.0
552.68           1572.0
552.76           965.0
552.84           1770.0
552.92           1630.0
552.99           1632.0
553.07           698.0
553.15           1593.0
553.23           1490.0
553.30           1871.0
553.38           1052.0
553.46           2006.0
553.54           1623.0
553.61           2255.0
553.69           1403.0
553.77           2047.0
553.85           1428.0
553.92           1596.0
554.00           813.0
554.08           1686.0
554.16           1578.0
554.23           1815.0
554.31           1124.0
554.39           1514.0
554.47           1045.0
554.54           1617.0
554.62           1342.0
554.70           1725.0
554.78           1098.0
554.86           1995.0
554.93           1780.0
555.01           1447.0
555.09           394.0
555.17           978.0
555.24           1149.0
555.32           1403.0
555.40           1090.0
555.48           1814.0
555.55           1536.0
555.63           1917.0
555.71           1342.0
555.79           1327.0
555.86           575.0
555.94           1585.0
556.02           1704.0
556.10           2034.0
556.17           1231.0
556.25           1862.0
556.33           1335.0
556.41           1911.0
556.48           1474.0
556.56           1426.0
556.64           777.0
556.72           1012.0
556.80           893.0
556.87           1339.0
556.95           1184.0
557.03           1701.0
557.11           1345.0
557.18           1667.0
557.26           926.0
557.34           1850.0
557.42           1717.0
557.49           1703.0
557.57           750.0
557.65           1511.0
557.73           1448.0
557.80           1795.0
557.88           1305.0
557.96           1329.0
558.04           733.0
558.12           1556.0
558.19           1618.0
558.27           1581.0
558.35           799.0
558.43           1438.0
558.50           1345.0
558.58           1492.0
558.66           918.0
558.74           1630.0
558.81           1505.0
558.89           1718.0
558.97           1096.0
559.05           1664.0
559.12           1365.0
559.20           1833.0
559.28           1412.0
559.36           1487.0
559.44           860.0
559.51           1651.0
559.59           1628.0
559.67           1632.0
559.75           825.0
559.82           1710.0
559.90           1594.0
559.98           1957.0
560.06           1283.0
560.13           1570.0
560.21           950.0
560.29           1486.0
560.37           1294.0
560.45           1554.0
560.52           1072.0
560.60           1291.0
560.68           891.0
560.76           1591.0
560.83           1521.0
560.91           1589.0
560.99           925.0
561.07           1312.0
561.14           999.0
561.22           1647.0
561.30           1431.0
561.38           1630.0
561.45           981.0
561.53           1384.0
561.61           1114.0
561.69           1473.0
561.77           1168.0
561.84           1720.0
561.92           1415.0
562.00           1784.0
562.08           1218.0
562.15           2000.0
562.23           1537.0
562.31           1765.0
562.39           1062.0
562.47           1622.0
562.54           1151.0
562.62           1898.0
562.70           1548.0
562.78           2144.0
562.85           1462.0
562.93           1844.0
563.01           1103.0
563.09           1634.0
563.16           1288.0
563.24           1518.0
563.32           991.0
563.40           1240.0
563.48           969.0
563.55           1421.0
563.63           1139.0
563.71           1931.0
563.79           1652.0
563.86           2031.0
563.94           1235.0
564.02           1522.0
564.10           963.0
564.18           1374.0
564.25           1112.0
564.33           1549.0
564.41           1245.0
564.49           1665.0
564.56           1312.0
564.64           1707.0
564.72           1140.0
564.80           1754.0
564.87           1566.0
564.95           1364.0
565.03           495.0
565.11           1138.0
565.19           1333.0
565.26           1476.0
565.34           1070.0
565.42           1157.0
565.50           698.0
565.57           1538.0
565.65           1683.0
565.73           1773.0
565.81           1030.0
565.89           1356.0
565.96           1116.0
566.04           1051.0
566.12           654.0
566.20           1485.0
566.27           1614.0
566.35           1757.0
566.43           1097.0
566.51           1622.0
566.59           1243.0
566.66           1352.0
566.74           805.0
566.82           1500.0
566.90           1355.0
566.97           1989.0
567.05           1425.0
567.13           2158.0
567.21           1569.0
567.29           1889.0
567.36           1026.0
567.44           1836.0
567.52           1551.0
567.60           1805.0
567.67           968.0
567.75           1845.0
567.83           1610.0
567.91           1914.0
567.99           1166.0
568.06           1338.0
568.14           695.0
568.22           1721.0
568.30           1734.0
568.37           2187.0
568.45           1386.0
568.53           1636.0
568.61           894.0
568.69           1693.0
568.76           1550.0
568.84           1730.0
568.92           978.0
569.00           1800.0
569.07           1666.0
569.15           1574.0
569.23           776.0
569.31           1158.0
569.39           1066.0
569.46           1425.0
569.54           1075.0
569.62           2001.0
569.70           1854.0
569.78           2085.0
569.85           1059.0
569.93           1766.0
570.01           1417.0
570.09           1940.0
570.16           1309.0
570.24           1890.0
570.32           1409.0
570.40           1579.0
570.48           793.0
570.55           1737.0
570.63           1613.0
570.71           2165.0
570.79           1470.0
570.86           1966.0
570.94           1315.0
571.02           1706.0
571.10           1186.0
571.18           1476.0
571.25           1194.0
571.33           1280.0
571.41           750.0
571.49           1540.0
571.57           1610.0
571.64           1899.0
571.72           1202.0
571.80           1671.0
571.88           1397.0
571.95           1185.0
572.03           484.0
572.11           1396.0
572.19           1660.0
572.27           1995.0
572.34           1330.0
572.42           1685.0
572.50           1066.0
572.58           1470.0
572.66           1114.0
572.73           1749.0
572.81           1462.0
572.89           1724.0
572.97           1045.0
573.04           1862.0
573.12           1617.0
573.20           2001.0
573.28           1274.0
573.36           1724.0
573.43           1254.0
573.51           1702.0
573.59           1346.0
573.67           1442.0
573.75           923.0
573.82           1303.0
573.90           1209.0
573.98           1556.0
574.06           1123.0
574.14           1931.0
574.21           1754.0
574.29           1855.0
574.37           991.0
574.45           1363.0
574.52           1074.0
574.60           1376.0
574.68           1099.0
574.76           1557.0
574.84           1231.0
574.91           1624.0
574.99           1251.0
575.07           1532.0
575.15           1034.0
575.23           1253.0
575.30           936.0
575.38           1564.0
575.46           1505.0
575.54           1401.0
575.62           802.0
575.69           1096.0
575.77           1013.0
575.85           1310.0
575.93           1172.0
576.00           1589.0
576.08           1287.0
576.16           1670.0
576.24           1113.0
576.32           1794.0
576.39           1461.0
576.47           1904.0
576.55           1158.0
576.63           1800.0
576.71           1414.0
576.78           1979.0
576.86           1432.0
576.94           1817.0
577.02           1176.0
577.10           2090.0
577.17           1814.0
577.25           1895.0
577.33           953.0
577.41           1618.0
577.49           1426.0
577.56           1474.0
577.64           914.0
577.72           1161.0
577.80           971.0
577.88           1264.0
577.95           1033.0
578.03           1602.0
578.11           1403.0
578.19           1878.0
578.27           1352.0
578.34           1615.0
578.42           1018.0
578.50           1702.0
578.58           1440.0
578.65           1825.0
578.73           1256.0
578.81           1799.0
578.89           1372.0
578.97           1447.0
579.04           847.0
579.12           1645.0
579.20           1617.0
579.28           1735.0
579.36           1042.0
579.43           1624.0
579.51           1378.0
579.59           1805.0
579.67           1311.0
579.75           1618.0
579.82           1068.0
579.90           1886.0
579.98           1661.0
580.06           1690.0
580.14           899.0
580.21           1371.0
580.29           1068.0
580.37           1759.0
580.45           1492.0
580.53           2060.0
580.60           1445.0
580.68           1761.0
580.76           991.0
580.84           1622.0
580.92           1306.0
580.99           1931.0
581.07           1359.0
581.15           2318.0
581.23           1943.0
581.31           1799.0
581.38           727.0
581.46           1042.0
581.54           843.0
581.62           1583.0
581.70           1567.0
581.77           1987.0
581.85           1341.0
581.93           1582.0
582.01           983.0
582.09           1593.0
582.16           1391.0
582.24           1630.0
582.32           1135.0
582.40           1294.0
582.48           848.0
582.55           1350.0
582.63           1161.0
582.71           1885.0
582.79           1561.0
582.87           2061.0
582.94           1379.0
583.02           1730.0
583.10           1134.0
583.18           1710.0
583.26           1395.0
583.33           1621.0
583.41           1108.0
583.49           1540.0
583.57           1216.0
583.65           1639.0
583.72           1274.0
583.80           1516.0
583.88           1011.0
583.96           1329.0
584.04           1041.0
584.11           1414.0
584.19           1083.0
584.27           1620.0
584.35           1400.0
584.43           1616.0
584.51           976.0
584.58           1705.0
584.66           1555.0
584.74           1640.0
584.82           849.0
584.90           1479.0
584.97           1288.0
585.05           1907.0
585.13           1520.0
585.21           1569.0
585.29           867.0
585.36           1123.0
585.44           928.0
585.52           1330.0
585.60           1166.0
585.68           1636.0
585.75           1330.0
585.83           1773.0
585.91           1175.0
585.99           1931.0
586.07           1500.0
586.14           2059.0
586.22           1328.0
586.30           1842.0
586.38           1166.0
586.46           1859.0
586.53           1478.0
586.61           1537.0
586.69           755.0
586.77           1488.0
586.85           1421.0
586.93           1587.0
587.00           923.0
587.08           1726.0
587.16           1566.0
587.24           1869.0
587.32           1160.0
587.39           1650.0
587.47           1248.0
587.55           1670.0
587.63           1218.0
587.71           1516.0
587.78           1062.0
587.86           1686.0
587.94           1446.0
588.02           1615.0
588.10           904.0
588.17           1897.0
588.25           1783.0
588.33           2094.0
588.41           1172.0
588.49           1775.0
588.57           1270.0
588.64           1934.0
588.72           1479.0
588.80           1858.0
588.88           1277.0
588.96           1403.0
589.03           966.0
589.11           982.0
589.19           672.0
589.27           1878.0
589.35           2227.0
589.42           1962.0
589.50           827.0
589.58           1381.0
589.66           1177.0
589.74           1788.0
589.82           1655.0
589.89           1396.0
589.97           664.0
590.05           1013.0
590.13           1071.0
590.21           1232.0
590.28           986.0
590.36           1814.0
590.44           1796.0
590.52           1798.0
590.60           920.0
590.67           1227.0
590.75           972.0
590.83           1487.0
590.91           1354.0
590.99           1567.0
591.07           1074.0
591.14           1419.0
591.22           1099.0
591.30           1388.0
591.38           1055.0
591.46           1716.0
591.53           1515.0
591.61           1605.0
591.69           764.0
591.77           1839.0
591.85           1866.0
591.93           1959.0
592.00           859.0
592.08           1619.0
592.16           1465.0
592.24           1912.0
592.32           1345.0
592.39           1597.0
592.47           1081.0
592.55           1415.0
592.63           1004.0
592.71           1798.0
592.79           1618.0
592.86           1936.0
592.94           1150.0
593.02           1638.0
593.10           1288.0
593.18           1326.0
593.25           686.0
593.33           1548.0
593.41           1755.0
593.49           1674.0
593.57           831.0
593.65           1339.0
593.72           1220.0
593.80           1685.0
593.88           1325.0
593.96           1909.0
594.04           1411.0
594.11           2053.0
594.19           1498.0
594.27           1766.0
594.35           1067.0
594.43           1497.0
594.51           1128.0
594.58           1758.0
594.66           1556.0
594.74           1660.0
594.82           890.0
594.90           1615.0
594.97           1597.0
595.05           1562.0
595.13           846.0
595.21           1175.0
595.29           1103.0
595.37           1322.0
595.44           1148.0
595.52           1249.0
595.60           877.0
595.68           1420.0
595.76           1365.0
595.83           1617.0
595.91           1095.0
595.99           1581.0
596.07           1259.0
596.15           1509.0
596.23           1215.0
596.30           1102.0
596.38           561.0
596.46           1183.0
596.54           1486.0
596.62           1284.0
596.70           565.0
596.77           1428.0
596.85           1537.0
596.93           2192.0
597.01           1602.0
597.09           1825.0
597.16           923.0
597.24           1636.0
597.32           1422.0
597.40           1759.0
597.48           1130.0
597.56           1664.0
597.63           1329.0
597.71           1647.0
597.79           1068.0
597.87           1807.0
597.95           1628.0
598.03           1432.0
598.10           522.0
598.18           1371.0
598.26           1533.0
598.34           1707.0
598.42           959.0
598.50           1917.0
598.57           1803.0
598.65           1952.0
598.73           1034.0
598.81           1323.0
598.89           1001.0
598.96           1510.0
599.04           1358.0
599.12           1569.0
599.20           1060.0
599.28           1563.0
599.36           1251.0
599.43           1872.0
599.51           1627.0
599.59           1335.0
599.67           391.0
599.75           1094.0
599.83           1417.0
599.90           1661.0
599.98           1112.0
600.06           1600.0
600.14           1159.0
600.22           1920.0
600.30           1658.0
600.37           1863.0
600.45           960.0
600.53           1703.0
600.61           1514.0
600.69           1743.0
600.77           1080.0
600.84           1688.0
600.92           1264.0
601.00           2187.0
599.08           1872.0
599.16           1898.0
599.23           801.0
599.31           1556.0
599.39           1504.0
599.47           1590.0
599.55           827.0
599.63           1665.0
599.70           1634.0
599.78           1969.0
599.86           1142.0
599.94           1684.0
600.02           1205.0
600.10           2111.0
600.17           1601.0
600.25           2546.0
600.33           1871.0
600.41           2206.0
600.49           1120.0
600.57           2056.0
600.64           1591.0
600.72           2113.0
600.80           1329.0
600.88           1991.0
600.96           1372.0
601.04           1677.0
601.11           970.0
601.19           1653.0
601.27           1403.0
601.35           1658.0
601.43           1157.0
601.50           1202.0
601.58           686.0
601.66           1584.0
601.74           1644.0
601.82           2170.0
601.90           1442.0
601.97           2259.0
602.05           1591.0
602.13           2005.0
602.21           1072.0
602.29           2027.0
602.37           1663.0
602.44           2134.0
602.52           1339.0
602.60           1498.0
602.68           881.0
602.76           1298.0
602.84           1132.0
602.91           1485.0
602.99           1221.0
603.07           1815.0
603.15           1436.0
603.23           1752.0
603.30           1307.0
603.38           1449.0
603.46           909.0
603.54           1289.0
603.62           1149.0
603.70           1601.0
603.77           1414.0
603.85           1527.0
603.93           889.0
604.01           1499.0
604.09           1400.0
604.17           2126.0
604.24           1689.0
604.32           2037.0
604.40           1363.0
604.48           1238.0
604.56           537.0
604.63           1500.0
604.71           1689.0
604.79           2158.0
604.87           1592.0
604.95           1686.0
605.03           955.0
605.10           1110.0
605.18           908.0
605.26           1108.0
605.34           1028.0
605.42           1486.0
605.49           1429.0
605.57           1503.0
605.65           1037.0
605.73           1113.0
605.81           805.0
605.89           1338.0
605.96           1238.0
606.04           1850.0
606.12           1509.0
606.20           1984.0
606.28           1277.0
606.35           1929.0
606.43           1494.0
606.51           1898.0
606.59           1531.0
606.67           1388.0
606.75           642.0
606.82           1206.0
606.90           1369.0
606.98           1975.0
607.06           1681.0
607.14           1736.0
607.21           900.0
607.29           1348.0
607.37           1181.0
607.45           1421.0
607.53           1134.0
607.61           1219.0
607.68           792.0
607.76           1744.0
607.84           1818.0
607.92           1834.0
608.00           1005.0
608.07           1477.0
608.15           1180.0
608.23           1632.0
608.31           1452.0
608.39           1432.0
608.47           806.0
608.54           1642.0
608.62           1762.0
608.70           1690.0
608.78           848.0
608.86           1608.0
608.93           1556.0
609.01           1629.0
609.09           1025.0
609.17           1215.0
609.25           902.0
609.33           1311.0
609.40           1233.0
609.48           1484.0
609.56           1126.0
609.64           1190.0
609.72           833.0
609.79           1218.0
609.87           1128.0
609.95           1400.0
610.03           1154.0
610.11           1371.0
610.18           989.0
610.26           1410.0
610.34           1145.0
610.42           1685.0
610.50           1288.0
610.58           1932.0
610.65           1411.0
610.73           2297.0
610.81           1728.0
610.89           2275.0
610.97           1571.0
611.04           1646.0
611.12           934.0
611.20           1074.0
611.28           949.0
611.36           1167.0
611.43           965.0
611.51           1760.0
611.59           1765.0
611.67           1943.0
611.75           1155.0
611.83           1497.0
611.90           1115.0
611.98           1321.0
612.06           1011.0
612.14           1416.0
612.22           1243.0
612.29           1391.0
612.37           980.0
612.45           1250.0
612.53           1006.0
612.61           1516.0
612.68           1362.0
612.76           1548.0
612.84           922.0
612.92           1869.0
613.00           1843.0
613.07           1817.0
613.15           790.0
613.23           1478.0
613.31           1349.0
613.39           1816.0
613.47           1410.0
613.54           1888.0
613.62           1335.0
613.70           1784.0
613.78           1361.0
613.86           1949.0
613.93           1537.0
614.01           1712.0
614.09           1123.0
614.17           1456.0
614.25           1124.0
614.32           1486.0
614.40           1271.0
614.48           1433.0
614.56           933.0
614.64           1583.0
614.71           1511.0
614.79           1528.0
614.87           867.0
614.95           1609.0
615.03           1581.0
615.10           1912.0
615.18           1384.0
615.26           1436.0
615.34           856.0
615.42           1760.0
615.49           1771.0
615.57           2083.0
615.65           1370.0
615.73           1812.0
615.81           1259.0
615.89           1878.0
615.96           1511.0
616.04           1760.0
616.12           1104.0
616.20           1666.0
616.28           1330.0
616.35           1766.0
616.43           1227.0
616.51           1782.0
616.59           1349.0
616.67           2020.0
616.74           1568.0
616.82           1877.0
616.90           1337.0
616.98           1144.0
617.06           523.0
617.13           1390.0
617.21           1685.0
617.29           1731.0
617.37           1000.0
617.45           1610.0
617.52           1336.0
617.60           1883.0
617.68           1413.0
617.76           1890.0
617.84           1402.0
617.91           1621.0
617.99           1022.0
618.07           1650.0
618.15           1567.0
618.23           1380.0
618.30           672.0
618.38           1301.0
618.46           1448.0
618.54           1595.0
618.62           1018.0
618.69           1739.0
618.77           1500.0
618.85           2128.0
618.93           1578.0
619.01           1933.0
619.08           1233.0
619.16           1694.0
619.24           1309.0
619.32           1522.0
619.40           1098.0
619.47           1714.0
619.55           1557.0
619.63           1818.0
619.71           1280.0
619.79           1579.0
619.86           1320.0
619.94           1285.0
620.02           769.0
620.10           1500.0
620.18           1644.0
620.25           1674.0
620.33           961.0
620.41           1443.0
620.49           1185.0
620.57           1542.0
620.64           1183.0
620.72           1777.0
620.80           1538.0
620.88           1805.0
620.96           1159.0
621.03           1645.0
621.11           1394.0
621.19           1748.0
621.27           1228.0
621.35           1862.0
621.42           1604.0
621.50           1750.0
621.58           1080.0
621.66           1304.0
621.73           916.0
621.81           1762.0
621.89           1692.0
621.97           2051.0
622.05           1347.0
622.12           1720.0
622.20           1115.0
622.28           1635.0
622.36           1304.0
622.44           1837.0
622.51           1323.0
622.59           2113.0
622.67           1680.0
622.75           1953.0
622.83           1100.0
622.90           1790.0
622.98           1466.0
623.06           1937.0
623.14           1388.0
623.22           1676.0
623.29           1150.0
623.37           1494.0
623.45           1198.0
623.53           1739.0
623.61           1483.0
623.68           1862.0
623.76           1378.0
623.84           1820.0
623.92           1450.0
624.00           1620.0
624.07           1078.0
624.15           1361.0
624.23           1124.0
624.31           1509.0
624.38           1342.0
624.46           1433.0
624.54           1033.0
624.62           1277.0
624.70           1057.0
624.77           1616.0
624.85           1547.0
624.93           1611.0
625.01           995.0
625.09           1623.0
625.16           1423.0
625.24           1660.0
625.32           1130.0
625.40           1646.0
625.48           1299.0
625.55           1920.0
625.63           1557.0
625.71           2111.0
625.79           1551.0
625.86           2114.0
625.94           1546.0
626.02           1903.0
626.10           1308.0
626.18           1540.0
626.25           1112.0
626.33           1548.0
626.41           1276.0
626.49           1621.0
626.57           1315.0
626.64           1760.0
626.72           1368.0
626.80           2162.0
626.88           1922.0
626.96           2059.0
627.03           1222.0
627.11           1716.0
627.19           1337.0
627.27           1894.0
627.34           1455.0
627.42           1903.0
627.50           1389.0
627.58           1506.0
627.66           879.0
627.73           1497.0
627.81           1530.0
627.89           1591.0
627.97           1009.0
628.05           1445.0
628.12           1330.0
628.20           1416.0
628.28           992.0
628.36           1531.0
628.43           1365.0
628.51           1992.0
628.59           1679.0
628.67           2125.0
628.75           1319.0
628.82           2232.0
628.90           1929.0
628.98           1923.0
629.06           891.0
629.14           1450.0
629.21           1280.0
629.29           1845.0
629.37           1534.0
629.45           1937.0
629.52           1340.0
629.60           1616.0
629.68           1206.0
629.76           1620.0
629.84           1264.0
629.91           1887.0
629.99           1606.0
630.07           1858.0
630.15           1223.0
630.22           1807.0
630.30           1437.0
630.38           1577.0
630.46           971.0
630.54           1682.0
630.61           1601.0
630.69           1521.0
630.77           798.0
630.85           1435.0
630.93           1404.0
631.00           1716.0
631.08           1236.0
631.16           2023.0
631.24           1751.0
631.31           1929.0
631.39           1207.0
631.47           1630.0
631.55           1286.0
631.63           1716.0
631.70           1338.0
631.78           2063.0
631.86           1740.0
631.94           2019.0
632.01           1298.0
632.09           1642.0
632.17           1172.0
632.25           1827.0
632.33           1735.0
632.40           1841.0
632.48           1205.0
632.56           1371.0
632.64           1146.0
632.71           1341.0
632.79           1286.0
632.87           1016.0
632.95           639.0
633.03           1203.0
633.10           1474.0
633.18           1769.0
633.26           1318.0
633.34           1707.0
633.41           1294.0
633.49           1621.0
633.57           1141.0
633.65           1662.0
633.73           1419.0
633.80           1912.0
633.88           1559.0
633.96           1526.0
634.04           836.0
634.11           1658.0
634.19           1828.0
634.27           1564.0
634.35           813.0
634.43           1104.0
634.50           1088.0
634.58           1653.0
634.66           1779.0
634.74           1341.0
634.81           577.0
634.89           1085.0
634.97           1331.0
635.05           1584.0
635.13           1276.0
635.20           1815.0
635.28           1589.0
635.36           1550.0
635.44           885.0
635.51           1449.0
635.59           1448.0
635.67           1466.0
635.75           981.0
635.82           1235.0
635.90           1101.0
635.98           1310.0
636.06           1061.0
636.14           1583.0
636.21           1454.0
636.29           2005.0
636.37           1629.0
636.45           1795.0
636.52           1172.0
636.60           1528.0
636.68           1252.0
636.76           1721.0
636.84           1511.0
636.91           1990.0
636.99           1541.0
637.07           1744.0
637.15           1133.0
637.22           1712.0
637.30           1528.0
637.38           1685.0
637.46           1200.0
637.53           1235.0
637.61           944.0
637.69           1429.0
637.77           1468.0
637.85           1865.0
637.92           1555.0
638.00           1553.0
638.08           955.0
638.16           1522.0
638.23           1555.0
638.31           1517.0
638.39           913.0
638.47           1643.0
638.55           1771.0
638.62           1851.0
638.70           1077.0
638.78           1622.0
638.86           1477.0
638.93           1643.0
639.01           1065.0
639.09           1706.0
639.17           1657.0
639.24           2087.0
639.32           1536.0
639.40           1743.0
639.48           1311.0
639.55           1324.0
639.63           825.0
639.71           1582.0
639.79           1677.0
639.87           1997.0
639.94           1397.0
640.02           1751.0
640.10           1224.0
640.18           1811.0
640.25           1531.0
640.33           1803.0
640.41           1261.0
640.49           1523.0
640.56           1111.0
640.64           1528.0
640.72           1313.0
640.80           1775.0
640.88           1445.0
640.95           1796.0
641.03           1284.0
641.11           2044.0
641.19           1757.0
641.26           2142.0
641.34           1384.0
641.42           2025.0
641.50           1602.0
641.57           1832.0
641.65           1095.0
641.73           1912.0
641.81           1596.0
641.88           2361.0
641.96           1820.0
642.04           2247.0
642.12           1456.0
642.20           1723.0
642.27           1155.0
642.35           1573.0
642.43           1424.0
642.51           1563.0
642.58           1210.0
642.66           1395.0
642.74           1148.0
642.82           1416.0
642.89           1337.0
642.97           1299.0
643.05           978.0
643.13           1382.0
643.20           1445.0
643.28           1509.0
643.36           1241.0
643.44           1240.0
643.52           963.0
643.59           1435.0
643.67           1598.0
643.75           1668.0
643.83           1123.0
643.90           1716.0
643.98           1650.0
644.06           1933.0
644.14           1413.0
644.21           1738.0
644.29           1383.0
644.37           1683.0
644.45           1355.0
644.52           1578.0
644.60           1214.0
644.68           1968.0
644.76           1833.0
644.83           1893.0
644.91           1223.0
644.99           1460.0
645.07           1113.0
645.14           1534.0
645.22           1398.0
645.30           1984.0
645.38           1699.0
645.46           1822.0
645.53           1083.0
645.61           1736.0
645.69           1483.0
645.77           2270.0
645.84           1874.0
645.92           2199.0
646.00           1413.0
646.08           1623.0
646.15           1059.0
646.23           1430.0
646.31           1222.0
646.39           1924.0
646.46           1620.0
646.54           2186.0
646.62           1476.0
646.70           2240.0
646.77           1814.0
646.85           1881.0
646.93           1040.0
647.01           1391.0
647.08           1333.0
647.16           1520.0
647.24           1411.0
647.32           1507.0
647.39           1143.0
647.47           1618.0
647.55           1530.0
647.63           2206.0
647.70           1927.0
647.78           1860.0
647.86           970.0
647.94           1763.0
648.02           1874.0
648.09           1825.0
648.17           1273.0
648.25           1175.0
648.33           910.0
648.40           1256.0
648.48           1481.0
648.56           1454.0
648.64           1079.0
648.71           1737.0
648.79           1812.0
648.87           1698.0
648.95           977.0
649.02           1502.0
649.10           1538.0
649.18           1717.0
649.26           1194.0
649.33           2108.0
649.41           2039.0
649.49           2491.0
649.57           1684.0
649.64           2107.0
649.72           1554.0
649.80           1791.0
649.88           1423.0
649.95           1346.0
650.03           1084.0
650.11           1337.0
650.19           1373.0
650.26           1693.0
650.34           1628.0
650.42           1873.0
650.50           1484.0
650.57           1872.0
650.65           1622.0
650.73           1976.0
650.81           1779.0
650.88           1978.0
650.96           1851.0
651.04           1785.0
651.12           1974.0
651.19           1926.0
651.27           2703.0
651.35           3317.0
651.43           4151.0
651.50           3941.0
651.58           4015.0
651.66           3923.0
651.74           4213.0
651.81           3196.0
651.89           2785.0
651.97           2544.0
652.05           2859.0
652.12           2134.0
652.20           1878.0
652.28           1895.0
652.36           1745.0
652.43           1590.0
652.51           1370.0
652.59           1303.0
652.67           1263.0
652.74           1350.0
652.82           1448.0
652.90           1370.0
652.98           1199.0
653.05           1598.0
653.13           1623.0
653.21           2139.0
653.29           1799.0
653.36           2135.0
653.44           1534.0
653.52           1822.0
653.60           1511.0
653.67           1357.0
653.75           856.0
653.83           1642.0
653.91           1892.0
653.98           2204.0
654.06           1685.0
654.14           1679.0
654.22           1008.0
654.29           1685.0
654.37           1751.0
654.45           2151.0
654.53           1622.0
654.60           1797.0
654.68           1283.0
654.76           1820.0
654.83           1555.0
654.91           1957.0
654.99           1631.0
655.07           1559.0
655.14           1055.0
655.22           1216.0
655.30           1291.0
655.38           1356.0
655.45           1306.0
655.53           1210.0
655.61           1144.0
655.69           1005.0
655.76           910.0
655.84           1506.0
655.92           1653.0
656.00           2471.0
656.07           2232.0
656.15           2319.0
656.23           1282.0
656.31           2017.0
656.38           1900.0
656.46           1743.0
656.54           1037.0
656.62           1343.0
656.69           1237.0
656.77           1789.0
656.85           1841.0
656.93           1720.0
657.00           1070.0
657.08           1403.0
657.16           1462.0
657.24           1502.0
657.31           1210.0
657.39           1505.0
657.47           1361.0
657.54           1811.0
657.62           1732.0
657.70           1346.0
657.78           610.0
657.85           1522.0
657.93           1993.0
658.01           2011.0
658.09           1406.0
658.16           1781.0
658.24           1530.0
658.32           1733.0
658.40           1521.0
658.47           1535.0
658.55           1172.0
658.63           1425.0
658.71           1534.0
658.78           1250.0
658.86           784.0
658.94           1502.0
659.02           1807.0
659.09           2161.0
659.17           1622.0
659.25           2260.0
659.32           1730.0
659.40           2285.0
659.48           1742.0
659.56           2008.0
659.63           1320.0
659.71           1917.0
659.79           1692.0
659.87           2210.0
659.94           1744.0
660.02           1883.0
660.10           1284.0
660.18           1475.0
660.25           1108.0
660.33           1760.0
660.41           1818.0
660.49           1736.0
660.56           1033.0
660.64           1534.0
660.72           1579.0
660.79           1614.0
660.87           1168.0
660.95           1568.0
661.03           1522.0
661.10           1816.0
661.18           1441.0
661.26           1906.0
661.34           1630.0
661.41           1800.0
661.49           1363.0
661.57           1791.0
661.65           1560.0
661.72           1890.0
661.80           1613.0
661.88           1947.0
661.95           1645.0
662.03           1599.0
662.11           1109.0
662.19           1234.0
662.26           1135.0
662.34           1484.0
662.42           1429.0
662.50           2126.0
662.57           1927.0
662.65           2229.0
662.73           1673.0
662.81           1829.0
662.88           1266.0
662.96           1385.0
663.04           1240.0
663.11           1709.0
663.19           1545.0
663.27           2031.0
663.35           1797.0
663.42           1961.0
663.50           1429.0
663.58           1491.0
663.66           1062.0
663.73           1735.0
663.81           1930.0
663.89           1800.0
663.97           1173.0
664.04           1224.0
664.12           1104.0
664.20           1511.0
664.27           1776.0
664.35           1325.0
664.43           846.0
664.51           1474.0
664.58           1871.0
664.66           1599.0
664.74           1047.0
664.82           1589.0
664.89           1609.0
664.97           2174.0
665.05           1853.0
665.12           2073.0
665.20           1396.0
665.28           2263.0
665.36           2176.0
665.43           1874.0
665.51           928.0
665.59           1442.0
665.67           1547.0
665.74           1975.0
665.82           1820.0
665.90           1826.0
665.97           1293.0
666.05           1555.0
666.13           1380.0
666.21           1898.0
666.28           1807.0
666.36           1876.0
666.44           1307.0
666.52           1522.0
666.59           1348.0
666.67           1424.0
666.75           1227.0
666.82           1618.0
666.90           1567.0
666.98           1854.0
667.06           1459.0
667.13           1942.0
667.21           1707.0
667.29           1784.0
667.37           1292.0
667.44           1464.0
667.52           1298.0
667.60           1627.0
667.67           1667.0
667.75           1603.0
667.83           1233.0
667.91           1309.0
667.98           1270.0
668.06           1476.0
668.14           1513.0
668.22           1424.0
668.29           1194.0
668.37           1161.0
668.45           1212.0
668.52           1364.0
668.60           1543.0
668.68           1617.0
668.76           1502.0
668.83           1731.0
668.91           1822.0
668.99           1578.0
669.06           1074.0
669.14           1385.0
669.22           1564.0
669.30           1606.0
669.37           1283.0
669.45           1646.0
669.53           1729.0
669.61           1450.0
669.68           971.0
669.76           1482.0
669.84           1787.0
669.91           1973.0
669.99           1688.0
670.07           1767.0
670.15           1389.0
670.22           1524.0
670.30           1613.0
670.38           1542.0
670.45           1305.0
670.53           1466.0
670.61           1757.0
670.69           1367.0
670.76           987.0
670.84           1592.0
670.92           1919.0
671.00           2132.0
671.07           1700.0
671.15           2076.0
671.23           1841.0
671.30           1823.0
671.38           1301.0
671.46           1808.0
671.54           1907.0
671.61           2169.0
671.69           1753.0
671.77           2124.0
671.84           1861.0
671.92           2057.0
672.00           1560.0
672.08           2043.0
672.15           2014.0
672.23           2142.0
672.31           1704.0
672.38           2087.0
672.46           1891.0
672.54           1927.0
672.62           1565.0
672.69           1999.0
672.77           1841.0
672.85           2012.0
672.92           1679.0
673.00           1739.0
673.08           1352.0
673.16           1989.0
673.23           2117.0
673.31           2201.0
673.39           1697.0
673.46           1448.0
673.54           1230.0
673.62           962.0
673.70           1093.0
673.77           1227.0
673.85           1642.0
673.93           1629.0
674.00           1556.0
674.08           1523.0
674.16           1422.0
674.24           1680.0
674.31           1700.0
674.39           1709.0
674.47           1517.0
674.54           1715.0
674.62           1655.0
674.70           1620.0
674.78           1457.0
674.85           1265.0
674.93           1061.0
675.01           1541.0
675.08           1827.0
675.16           2004.0
675.24           1712.0
675.32           2233.0
675.39           2040.0
675.47           1915.0
675.55           1302.0
675.62           2296.0
675.70           2399.0
675.78           2389.0
675.86           1517.0
675.93           2054.0
676.01           1835.0
676.09           2103.0
676.16           1668.0
676.24           2076.0
676.32           1938.0
676.40           1725.0
676.47           1228.0
676.55           1749.0
676.63           1938.0
676.70           2109.0
676.78           1806.0
676.86           1893.0
676.94           1580.0
677.01           1554.0
677.09           1338.0
677.17           1822.0
677.24           2013.0
677.32           1733.0
677.40           1245.0
677.48           1647.0
677.55           1914.0
677.63           1580.0
677.71           1204.0
677.78           1471.0
677.86           1749.0
677.94           1664.0
678.02           1603.0
678.09           1292.0
678.17           1238.0
678.25           1097.0
678.32           1174.0
678.40           955.0
678.48           1056.0
678.55           1056.0
