521.45           3891.0
521.52           5023.0
521.60           5068.0
521.68           485.0
521.75           3874.0
521.83           2932.0
521.91           4124.0
521.98           1087.0
522.06           4704.0
522.14           3479.0
522.22           5366.0
522.29           2014.0
522.37           5126.0
522.45           3096.0
522.52           4402.0
522.60           972.0
522.68           4863.0
522.76           3413.0
522.83           6557.0
522.91           3749.0
522.99           4862.0
523.06           922.0
523.14           3261.0
523.22           1566.0
523.30           4940.0
523.37           3075.0
523.45           7197.0
523.53           4461.0
523.60           6659.0
523.68           1929.0
523.76           6221.0
523.84           3667.0
523.91           7329.0
523.99           3865.0
524.07           6611.0
524.14           2120.0
524.22           7601.0
524.30           5334.0
524.38           7845.0
524.45           2404.0
524.53           7011.0
524.61           4218.0
524.68           6846.0
524.76           2736.0
524.84           5013.0
524.92           1798.0
524.99           5277.0
525.07           3121.0
525.15           6310.0
525.22           3312.0
525.30           6154.0
525.38           2615.0
525.46           5697.0
525.53           2323.0
525.61           7285.0
525.69           5006.0
525.76           7240.0
525.84           2018.0
525.92           6490.0
526.00           4273.0
526.07           5677.0
526.15           1047.0
526.23           5134.0
526.30           3361.0
526.38           7050.0
526.46           3673.0
526.54           7492.0
526.61           3706.0
526.69           6857.0
526.77           2535.0
526.84           7262.0
526.92           4695.0
527.00           6351.0
527.08           1237.0
527.15           5688.0
527.23           3893.0
527.31           6532.0
527.38           2728.0
527.46           5820.0
527.54           2911.0
527.62           5116.0
527.69           2330.0
527.77           3449.0
527.85           402.0
527.92           4645.0
528.00           4044.0
528.08           6361.0
528.16           2593.0
528.23           5682.0
528.31           2713.0
528.39           5937.0
528.46           3039.0
528.54           5780.0
528.62           2281.0
528.70           7001.0
528.77           4590.0
528.85           7396.0
528.93           2874.0
529.00           6229.0
529.08           2945.0
529.16           5831.0
529.24           2908.0
529.31           4507.0
529.39           1255.0
529.47           4316.0
529.55           2639.0
529.62           5637.0
529.70           3286.0
529.78           5116.0
529.85           1537.0
529.93           5299.0
530.01           3809.0
530.09           4761.0
530.16           969.0
530.24           3882.0
530.32           2586.0
530.39           4550.0
530.47           2101.0
530.55           4500.0
530.63           2311.0
530.70           4966.0
530.78           2787.0
530.86           4593.0
530.94           1974.0
531.01           3329.0
531.09           809.0
531.17           4726.0
531.24           3906.0
531.32           5938.0
531.40           2650.0
531.48           4126.0
531.55           831.0
531.63           5147.0
531.71           4206.0
531.78           6298.0
531.86           2108.0
531.94           6694.0
532.02           4947.0
532.09           4969.0
532.17             0.0
532.25           3261.0
532.33           2635.0
532.40           4756.0
532.48           2269.0
532.56           5734.0
532.63           3111.0
532.71           7263.0
532.79           4285.0
532.87           7401.0
532.94           3180.0
533.02           5830.0
533.10           2196.0
533.18           5284.0
533.25           3018.0
533.33           4496.0
533.41           1239.0
533.48           4307.0
533.56           2760.0
533.64           5219.0
533.72           2804.0
533.79           4240.0
533.87           1065.0
533.95           4894.0
534.03           3578.0
534.10           6259.0
534.18           2879.0
534.26           6165.0
534.33           3217.0
534.41           5675.0
534.49           2152.0
534.57           5725.0
534.64           3083.0
534.72           7234.0
534.80           4205.0
534.88           7325.0
534.95           2954.0
535.03           6775.0
535.11           3532.0
535.18           6245.0
535.26           2221.0
535.34           6589.0
535.42           4193.0
535.49           6421.0
535.57           2006.0
535.65           5980.0
535.73           3595.0
535.80           6287.0
535.88           2241.0
535.96           7386.0
536.03           5548.0
536.11           5852.0
536.19           393.0
536.27           3182.0
536.34           1778.0
536.42           4724.0
536.50           3093.0
536.58           5173.0
536.65           2140.0
536.73           4684.0
536.81           2272.0
536.89           4760.0
536.96           2467.0
537.04           4469.0
537.12           1878.0
537.19           4638.0
537.27           2734.0
537.35           4494.0
537.43           1814.0
537.50           4040.0
537.58           1515.0
537.66           6463.0
537.74           5119.0
537.81           7126.0
537.89           2238.0
537.97           5834.0
538.05           3011.0
538.12           5963.0
538.20           3366.0
538.28           3713.0
538.35             0.0
538.43           4940.0
538.51           5168.0
538.59           7053.0
538.66           2400.0
538.74           5907.0
538.82           2687.0
538.90           7102.0
538.97           4467.0
539.05           6878.0
539.13           2084.0
539.21           6831.0
539.28           4342.0
539.36           6975.0
539.44           2983.0
539.51           4785.0
539.59           1036.0
539.67           4939.0
539.75           3831.0
539.82           4801.0
539.90           1098.0
539.98           3921.0
540.06           2533.0
540.13           3974.0
540.21           1415.0
540.29           4244.0
540.37           2663.0
540.44           4800.0
540.52           1810.0
540.60           6259.0
540.68           3971.0
540.75           8354.0
540.83           4616.0
540.91           7524.0
540.98           3190.0
541.06           4064.0
541.14           129.0
541.22           3177.0
541.29           2351.0
541.37           5183.0
541.45           2904.0
541.53           6349.0
541.60           3496.0
541.68           6145.0
541.76           2116.0
541.84           7130.0
541.91           4965.0
541.99           6966.0
542.07           2078.0
542.15           5298.0
542.22           2592.0
542.30           5438.0
542.38           2612.0
542.46           5684.0
542.53           2909.0
542.61           5747.0
542.69           2722.0
542.76           5170.0
542.84           2588.0
542.92           3634.0
543.00           308.0
543.07           5156.0
543.15           4851.0
543.23           6147.0
543.31           1983.0
543.38           3602.0
543.46           721.0
543.54           4370.0
543.62           3269.0
543.69           6141.0
543.77           2975.0
543.85           6450.0
543.93           3317.0
544.00           6262.0
544.08           2931.0
544.16           5186.0
544.24           1917.0
544.31           4821.0
544.39           2556.0
544.47           5500.0
544.55           2934.0
544.62           5355.0
544.70           2388.0
544.78           4848.0
544.86           1992.0
544.93           5519.0
545.01           3127.0
545.09           6934.0
545.17           4207.0
545.24           5377.0
545.32           537.0
545.40           5653.0
545.47           4947.0
545.55           5902.0
545.63           1212.0
545.71           4517.0
545.78           2468.0
545.86           6373.0
545.94           4333.0
546.02           5730.0
546.09           1628.0
546.17           3731.0
546.25           1399.0
546.33           4570.0
546.40           2906.0
546.48           6478.0
546.56           4019.0
546.64           5320.0
546.71           1451.0
546.79           3199.0
546.87           897.0
546.95           4179.0
547.02           3192.0
547.10           5497.0
547.18           2600.0
547.26           4652.0
547.33           1790.0
547.41           4584.0
547.49           2261.0
547.57           6045.0
547.64           3981.0
547.72           5705.0
547.80           1474.0
547.88           5586.0
547.95           3953.0
548.03           5282.0
548.11           1509.0
548.19           3787.0
548.26           1295.0
548.34           6062.0
548.42           5118.0
548.50           5878.0
548.57           1013.0
548.65           3690.0
548.73           1551.0
548.81           5914.0
548.88           4142.0
548.96           8311.0
549.04           4459.0
549.12           8025.0
549.19           3593.0
549.27           6368.0
549.35           1976.0
549.43           7046.0
549.50           4871.0
549.58           7502.0
549.66           2332.0
549.74           7750.0
549.81           5469.0
549.89           6114.0
549.97             0.0
550.05           6351.0
550.12           5788.0
550.20           7845.0
550.28           3049.0
550.36           3874.0
550.43           186.0
550.51           2706.0
550.59           2144.0
550.67           3434.0
550.74           1462.0
550.82           3879.0
550.90           2038.0
550.98           5924.0
551.05           4291.0
551.13           5768.0
551.21           1752.0
551.29           3873.0
551.36           1489.0
551.44           4568.0
551.52           3002.0
551.60           5199.0
551.67           2055.0
551.75           5608.0
551.83           3116.0
551.91           7060.0
551.98           3940.0
552.06           7132.0
552.14           2800.0
552.22           7581.0
552.30           4719.0
552.37           6875.0
552.45           2144.0
552.53           5111.0
552.61           2696.0
552.68           4081.0
552.76           700.0
552.84           5746.0
552.92           5371.0
552.99           5236.0
553.07             0.0
553.15           4383.0
553.23           4043.0
553.30           5092.0
553.38           1325.0
553.46           3852.0
553.54           1922.0
553.61           4860.0
553.69           2782.0
553.77           5903.0
553.85           3179.0
553.92           5895.0
554.00           2529.0
554.08           5821.0
554.16           3215.0
554.23           5077.0
554.31           1905.0
554.39           3718.0
554.47           1571.0
554.54           3291.0
554.62           1231.0
554.70           5020.0
554.78           3656.0
554.86           6861.0
554.93           3450.0
555.01           6405.0
555.09           2926.0
555.17           4923.0
555.24           1325.0
555.32           5553.0
555.40           3909.0
555.48           6917.0
555.55           3614.0
555.63           4655.0
555.71           677.0
555.79           3701.0
555.86           2762.0
555.94           3806.0
556.02           1148.0
556.10           3436.0
556.17           2255.0
556.25           3345.0
556.33           705.0
556.41           5051.0
556.48           4291.0
556.56           6526.0
556.64           2702.0
556.72           5301.0
556.80           2418.0
556.87           4230.0
556.95           1281.0
557.03           4884.0
557.11           3487.0
557.18           5461.0
557.26           1953.0
557.34           5089.0
557.42           2743.0
557.49           5736.0
557.57           3041.0
557.65           5383.0
557.73           2467.0
557.80           4083.0
557.88           1032.0
557.96           5014.0
558.04           3700.0
558.12           6802.0
558.19           3441.0
558.27           5965.0
558.35           2248.0
558.43           5467.0
558.50           2725.0
558.58           6162.0
558.66           3383.0
558.74           6271.0
558.81           2979.0
558.89           5222.0
558.97           2031.0
559.05           4797.0
559.12           2350.0
559.20           6034.0
559.28           3658.0
559.36           6774.0
559.44           3202.0
559.51           6465.0
559.59           3069.0
559.67           5996.0
559.75           2900.0
559.82           5038.0
559.90           2018.0
559.98           4035.0
560.06           1663.0
560.13           4418.0
560.21           2911.0
560.29           3780.0
560.37           866.0
560.45           3189.0
560.52           1784.0
560.60           4726.0
560.68           2725.0
560.76           6787.0
560.83           4328.0
560.91           6524.0
560.99           2017.0
561.07           6010.0
561.14           3457.0
561.22           6672.0
561.30           3235.0
561.38           5933.0
561.45           2592.0
561.53           4676.0
561.61           2139.0
561.69           2886.0
561.77           571.0
561.84           2440.0
561.92           1480.0
562.00           4290.0
562.08           2848.0
562.15           6312.0
562.23           3873.0
562.31           5393.0
562.39           1320.0
562.47           5072.0
562.54           3413.0
562.62           5269.0
562.70           1686.0
562.78           5830.0
562.85           3909.0
562.93           6525.0
563.01           3047.0
563.09           4485.0
563.16           903.0
563.24           4325.0
563.32           2579.0
563.40           7101.0
563.48           5042.0
563.55           6625.0
563.63           1417.0
563.71           5655.0
563.79           3947.0
563.86           5090.0
563.94           964.0
564.02           4642.0
564.10           3316.0
564.18           5206.0
564.25           1950.0
564.33           4963.0
564.41           2724.0
564.49           5455.0
564.56           2886.0
564.64           5077.0
564.72           2374.0
564.80           3416.0
564.87           935.0
564.95           2684.0
565.03           1247.0
565.11           4106.0
565.19           2851.0
565.26           5553.0
565.34           2780.0
565.42           5921.0
565.50           2489.0
565.57           7995.0
565.65           5563.0
565.73           8370.0
565.81           2974.0
565.89           6468.0
565.96           3022.0
566.04           5450.0
566.12           2544.0
566.20           3650.0
566.27           286.0
566.35           4986.0
566.43           4853.0
566.51           5604.0
566.59           826.0
566.66           5007.0
566.74           3565.0
566.82           6385.0
566.90           2695.0
566.97           7234.0
567.05           4725.0
567.13           5923.0
567.21           885.0
567.29           5117.0
567.36           3889.0
567.44           5182.0
567.52           1702.0
567.60           3088.0
567.67           638.0
567.75           4150.0
567.83           3294.0
567.91           5905.0
567.99           3162.0
568.06           4563.0
568.14           1198.0
568.22           3595.0
568.30           2018.0
568.37           4060.0
568.45           1867.0
568.53           4924.0
568.61           2642.0
568.69           7062.0
568.76           4822.0
568.84           6344.0
568.92           1491.0
569.00           4953.0
569.07           2672.0
569.15           6353.0
569.23           3799.0
569.31           6431.0
569.39           2262.0
569.46           7161.0
569.54           4731.0
569.62           7187.0
569.70           2315.0
569.78           6832.0
569.85           4193.0
569.93           6514.0
570.01           2631.0
570.09           4254.0
570.16           1315.0
570.24           2987.0
570.32           933.0
570.40           5027.0
570.48           4080.0
570.55           6503.0
570.63           2706.0
570.71           5810.0
570.79           2972.0
570.86           4961.0
570.94           1576.0
571.02           5615.0
571.10           4011.0
571.18           5786.0
571.25           1744.0
571.33           5865.0
571.41           3901.0
571.49           5876.0
571.57           1708.0
571.64           6443.0
571.72           4238.0
571.80           8030.0
571.88           3770.0
571.95           8519.0
572.03           4478.0
572.11           8448.0
572.19           3941.0
572.27           6923.0
572.34           2755.0
572.42           5226.0
572.50           1967.0
572.58           4843.0
572.66           2848.0
572.73           4444.0
572.81           1154.0
572.89           5540.0
572.97           4795.0
573.04           4593.0
573.12             0.0
573.20           4469.0
573.28           4459.0
573.36           5897.0
573.43           1761.0
573.51           5762.0
573.59           3557.0
573.67           6906.0
573.75           3637.0
573.82           5988.0
573.90           2212.0
573.98           5247.0
574.06           2658.0
574.14           5552.0
574.21           2620.0
574.29           6624.0
574.37           3992.0
574.45           6792.0
574.52           2747.0
574.60           6170.0
574.68           3129.0
574.76           5914.0
574.84           2782.0
574.91           4721.0
574.99           1397.0
575.07           5502.0
575.15           3625.0
575.23           7287.0
575.30           3890.0
575.38           7065.0
575.46           3056.0
575.54           5980.0
575.62           2501.0
575.69           6034.0
575.77           3243.0
575.85           6434.0
575.93           3050.0
576.00           6712.0
576.08           3598.0
576.16           6276.0
576.24           2639.0
576.32           4878.0
576.39           1386.0
576.47           6532.0
576.55           5014.0
576.63           7276.0
576.71           2612.0
576.78           5606.0
576.86           2287.0
576.94           6209.0
577.02           3992.0
577.10           6114.0
577.17           1821.0
577.25           6594.0
577.33           4741.0
577.41           6450.0
577.49           2058.0
577.56           3984.0
577.64           1253.0
577.72           4236.0
577.80           2661.0
577.88           5629.0
577.95           2857.0
578.03           6777.0
578.11           3926.0
578.19           6911.0
578.27           3009.0
578.34           5711.0
578.42           2177.0
578.50           6086.0
578.58           3911.0
578.65           5542.0
578.73           1718.0
578.81           4402.0
578.89           2137.0
578.97           5177.0
579.04           3052.0
579.12           5934.0
579.20           2970.0
579.28           5661.0
579.36           2345.0
579.43           6470.0
579.51           4234.0
579.59           6206.0
579.67           2170.0
579.75           4377.0
579.82           1429.0
579.90           5760.0
579.98           4515.0
580.06           5540.0
580.14           1105.0
580.21           4616.0
580.29           3382.0
580.37           3770.0
580.45           418.0
580.53           2911.0
580.60           1746.0
580.68           5308.0
580.76           4074.0
580.84           4899.0
580.92           452.0
580.99           5645.0
581.07           4450.0
581.15           8660.0
581.23           4525.0
581.31           8845.0
581.38           4593.0
581.46           6257.0
581.54           1347.0
581.62           4126.0
581.70           2250.0
581.77           3967.0
581.85           1534.0
581.93           4412.0
582.01           2842.0
582.09           4985.0
582.16           2157.0
582.24           5111.0
582.32           2925.0
582.40           5008.0
582.48           2077.0
582.55           4391.0
582.63           2283.0
582.71           3629.0
582.79           922.0
582.87           4603.0
582.94           3663.0
583.02           5358.0
583.10           1686.0
583.18           5968.0
583.26           4016.0
583.33           6875.0
583.41           3154.0
583.49           5934.0
583.57           2757.0
583.65           4415.0
583.72           1299.0
583.80           4235.0
583.88           2465.0
583.96           5600.0
584.04           3399.0
584.11           5203.0
584.19           1839.0
584.27           3974.0
584.35           1580.0
584.43           5064.0
584.51           3251.0
584.58           6705.0
584.66           3717.0
584.74           6330.0
584.82           2281.0
584.90           6222.0
584.97           3785.0
585.05           5842.0
585.13           1915.0
585.21           5117.0
585.29           3277.0
585.36           3595.0
585.44           159.0
585.52           2838.0
585.60           2167.0
585.68           4414.0
585.75           2336.0
585.83           5584.0
585.91           2920.0
585.99           7280.0
586.07           4431.0
586.14           7376.0
586.22           3386.0
586.30           4131.0
586.38             0.0
586.46           4333.0
586.53           3656.0
586.61           7554.0
586.69           4640.0
586.77           6325.0
586.85           1314.0
586.93           5455.0
587.00           3510.0
587.08           6451.0
587.16           2998.0
587.24           6272.0
587.32           3558.0
587.39           4142.0
587.47             0.0
587.55           5753.0
587.63           5835.0
587.71           7542.0
587.78           2510.0
587.86           4968.0
587.94           1504.0
588.02           5638.0
588.10           4195.0
588.17           5565.0
588.25           1693.0
588.33           3522.0
588.41           1068.0
588.49           4674.0
588.57           3581.0
588.64           5655.0
588.72           2289.0
588.80           5219.0
588.88           2608.0
588.96           5745.0
589.03           3110.0
589.11           5919.0
589.19           3038.0
589.27           4927.0
589.35           1903.0
589.42           3706.0
589.50           1509.0
589.58           4368.0
589.66           2776.0
589.74           5395.0
589.82           2853.0
589.89           5307.0
589.97           2476.0
590.05           4988.0
590.13           2374.0
590.21           4929.0
590.28           2465.0
590.36           5118.0
590.44           2501.0
590.52           5588.0
590.60           3223.0
590.67           4829.0
590.75           1498.0
590.83           4334.0
590.91           2253.0
590.99           5906.0
591.07           3559.0
591.14           7144.0
591.22           3593.0
591.30           7024.0
591.38           3568.0
591.46           5320.0
591.53           1361.0
591.61           4497.0
591.69           2826.0
591.77           4535.0
591.85           1611.0
591.93           4691.0
592.00           2950.0
592.08           4635.0
592.16           1380.0
592.24           5790.0
592.32           4438.0
592.39           5994.0
592.47           1741.0
592.55           4941.0
592.63           2719.0
592.71           5365.0
592.79           2625.0
592.86           5289.0
592.94           2479.0
593.02           5273.0
593.10           2361.0
593.18           6551.0
593.25           4155.0
593.33           6857.0
593.41           2895.0
593.49           5590.0
593.57           2355.0
593.65           5137.0
593.72           2331.0
593.80           6267.0
593.88           4072.0
593.96           6179.0
594.04           2361.0
594.11           4443.0
594.19           1646.0
594.27           4215.0
594.35           2157.0
594.43           5639.0
594.51           3449.0
594.58           6643.0
594.66           3301.0
594.74           6385.0
594.82           2813.0
594.90           6307.0
594.97           3719.0
595.05           4690.0
595.13           798.0
595.21           3471.0
595.29           2252.0
595.37           4359.0
595.44           2357.0
595.52           4344.0
595.60           1988.0
595.68           4198.0
595.76           2216.0
595.83           4075.0
595.91           1537.0
595.99           5148.0
596.07           3545.0
596.15           5960.0
596.23           2865.0
596.30           4544.0
596.38           1409.0
596.46           3781.0
596.54           1900.0
596.62           5122.0
596.70           3490.0
596.77           4726.0
596.85           953.0
596.93           5340.0
597.01           4355.0
597.09           5267.0
597.16           865.0
597.24           4907.0
597.32           3694.0
597.40           5589.0
597.48           1827.0
597.56           5830.0
597.63           4099.0
597.71           5113.0
597.79           955.0
597.87           4236.0
597.95           2870.0
598.03           4850.0
598.10           2049.0
598.18           4862.0
598.26           2468.0
598.34           5805.0
598.42           3650.0
598.50           4741.0
598.57           1101.0
598.65           3498.0
598.73           2102.0
598.81           3530.0
598.89           1581.0
598.96           3467.0
599.04           1798.0
599.12           4086.0
599.20           2192.0
599.28           5102.0
599.36           3016.0
599.43           5377.0
599.51           2432.0
599.59           4882.0
599.67           2223.0
599.75           4714.0
599.83           2467.0
599.90           4635.0
599.98           1919.0
600.06           5024.0
600.14           2862.0
600.22           5839.0
600.30           2818.0
600.37           6753.0
600.45           3681.0
600.53           7423.0
600.61           3909.0
600.69           6228.0
600.77           2328.0
600.84           4345.0
600.92           1484.0
601.00           4437.0
599.08           2545.0
599.16           6091.0
599.23           3631.0
599.31           6574.0
599.39           2953.0
599.47           6208.0
599.55           2653.0
599.63           7222.0
599.70           4596.0
599.78           7064.0
599.86           2422.0
599.94           5567.0
600.02           2633.0
600.10           5689.0
600.17           2873.0
600.25           5668.0
600.33           2898.0
600.41           4748.0
600.49           1864.0
600.57           3851.0
600.64           1699.0
600.72           4045.0
600.80           2269.0
600.88           4671.0
600.96           2286.0
601.04           5152.0
601.11           2639.0
601.19           6002.0
601.27           3441.0
601.35           5568.0
601.43           2190.0
601.50           4332.0
601.58           1655.0
601.66           5048.0
601.74           3506.0
601.82           4930.0
601.90           1173.0
601.97           5680.0
602.05           4086.0
602.13           7287.0
602.21           3497.0
602.29           6393.0
602.37           2532.0
602.44           5922.0
602.52           3105.0
602.60           5649.0
602.68           2243.0
602.76           6002.0
602.84           3771.0
602.91           5543.0
602.99           1634.0
603.07           5356.0
603.15           2876.0
603.23           7898.0
603.30           5502.0
603.38           7529.0
603.46           2400.0
603.54           4337.0
603.62           1379.0
603.70           3447.0
603.77           1534.0
603.85           5159.0
603.93           3499.0
604.01           6943.0
604.09           3703.0
604.17           7116.0
604.24           2847.0
604.32           8480.0
604.40           5522.0
604.48           8878.0
604.56           3577.0
604.63           6918.0
604.71           2994.0
604.79           5307.0
604.87           1785.0
604.95           5675.0
605.03           3490.0
605.10           7139.0
605.18           3832.0
605.26           6872.0
605.34           2931.0
605.42           6215.0
605.49           2972.0
605.57           6220.0
605.65           2998.0
605.73           6493.0
605.81           3804.0
605.89           4754.0
605.96           721.0
606.04           3432.0
606.12           2148.0
606.20           4628.0
606.28           2487.0
606.35           5455.0
606.43           2925.0
606.51           6172.0
606.59           3375.0
606.67           6334.0
606.75           3432.0
606.82           3870.0
606.90            41.0
606.98           3784.0
607.06           3494.0
607.14           4982.0
607.21           2241.0
607.29           2842.0
607.37           304.0
607.45           2471.0
607.53           1916.0
607.61           3698.0
607.68           1864.0
607.76           4906.0
607.84           2994.0
607.92           5894.0
608.00           2956.0
608.07           6276.0
608.15           3737.0
608.23           4254.0
608.31             0.0
608.39           5015.0
608.47           4576.0
608.54           7889.0
608.62           4598.0
608.70           4571.0
608.78             0.0
608.86           4089.0
608.93           4695.0
609.01           3882.0
609.09             0.0
609.17           3380.0
609.25           3379.0
609.33           5712.0
609.40           2923.0
609.48           5120.0
609.56           2126.0
609.64           4224.0
609.72           1969.0
609.79           3820.0
609.87           1682.0
609.95           4054.0
610.03           2225.0
610.11           4947.0
610.18           2383.0
610.26           6793.0
610.34           4334.0
610.42           7722.0
610.50           3824.0
610.58           5344.0
610.65           1190.0
610.73           3855.0
610.81           1872.0
610.89           5580.0
610.97           4142.0
611.04           5516.0
611.12           1716.0
611.20           3807.0
611.28           1875.0
611.36           3482.0
611.43           1286.0
611.51           4764.0
611.59           3674.0
611.67           5318.0
611.75           1787.0
611.83           5075.0
611.90           2840.0
611.98           6337.0
612.06           3697.0
612.14           6179.0
612.22           2603.0
612.29           4674.0
612.37           1782.0
612.45           4057.0
612.53           1873.0
612.61           5040.0
612.68           3036.0
612.76           6184.0
612.84           3331.0
612.92           5813.0
613.00           2446.0
613.07           5055.0
613.15           2445.0
613.23           4384.0
613.31           1523.0
613.39           5278.0
613.47           3537.0
613.54           6881.0
613.62           3416.0
613.70           7239.0
613.78           3975.0
613.86           6477.0
613.93           1866.0
614.01           7591.0
614.09           5582.0
614.17           8418.0
614.25           3367.0
614.32           5649.0
614.40           1777.0
614.48           4497.0
614.56           2234.0
614.64           5113.0
614.71           2865.0
614.79           5381.0
614.87           2166.0
614.95           6851.0
615.03           5201.0
615.10           5513.0
615.18           471.0
615.26           3342.0
615.34           2208.0
615.42           4761.0
615.49           2595.0
615.57           6042.0
615.65           4079.0
615.73           4599.0
615.81           297.0
615.89           4263.0
615.96           3407.0
616.04           6277.0
616.12           3677.0
616.20           4533.0
616.28           267.0
616.35           5028.0
616.43           4586.0
616.51           5770.0
616.59           1196.0
616.67           6048.0
616.74           4422.0
616.82           7479.0
616.90           3499.0
616.98           6278.0
617.06           2458.0
617.13           6011.0
617.21           3562.0
617.29           5112.0
617.37           1272.0
617.45           5147.0
617.52           3545.0
617.60           6196.0
617.68           2442.0
617.76           7393.0
617.84           5144.0
617.91           6808.0
617.99           1662.0
618.07           5432.0
618.15           3462.0
618.23           4948.0
618.30           1317.0
618.38           5126.0
618.46           3721.0
618.54           5506.0
618.62           1785.0
618.69           5484.0
618.77           3375.0
618.85           6330.0
618.93           3322.0
619.01           5043.0
619.08           1262.0
619.16           5548.0
619.24           4437.0
619.32           5127.0
619.40           859.0
619.47           4278.0
619.55           2977.0
619.63           5511.0
619.71           3271.0
619.79           3848.0
619.86           341.0
619.94           3983.0
620.02           3264.0
620.10           5985.0
620.18           3564.0
620.25           4301.0
620.33           413.0
620.41           3917.0
620.49           3016.0
620.57           5369.0
620.64           2444.0
620.72           6187.0
620.80           3664.0
620.88           6860.0
620.96           3378.0
621.03           6008.0
621.11           2955.0
621.19           3753.0
621.27           610.0
621.35           2682.0
621.42           1528.0
621.50           4821.0
621.58           3366.0
621.66           6612.0
621.73           3296.0
621.81           7591.0
621.89           4950.0
621.97           4669.0
622.05             0.0
622.12           4208.0
622.20           4036.0
622.28           7833.0
622.36           4631.0
622.44           6959.0
622.51           2262.0
622.59           5311.0
622.67           2661.0
622.75           4776.0
622.83           1831.0
622.90           5318.0
622.98           3454.0
623.06           5768.0
623.14           2606.0
623.22           4585.0
623.29           1435.0
623.37           5764.0
623.45           4685.0
623.53           5375.0
623.61           1189.0
623.68           3061.0
623.76           1153.0
623.84           4604.0
623.92           3575.0
624.00           6151.0
624.07           2959.0
624.15           5765.0
624.23           2848.0
624.31           5042.0
624.38           1895.0
624.46           5490.0
624.54           3831.0
624.62           4806.0
624.70           1211.0
624.77           3321.0
624.85           1239.0
624.93           5919.0
625.01           5151.0
625.09           6382.0
625.16           1413.0
625.24           5274.0
625.32           3795.0
625.40           4152.0
625.48           214.0
625.55           3757.0
625.63           3225.0
625.71           5185.0
625.79           2418.0
625.86           5110.0
625.94           3090.0
626.02           3641.0
626.10           363.0
626.18           3627.0
626.25           2820.0
626.33           6070.0
626.41           3694.0
626.49           6175.0
626.57           2507.0
626.64           6032.0
626.72           3325.0
626.80           6728.0
626.88           3452.0
626.96           7157.0
627.03           3945.0
627.11           6486.0
627.19           2364.0
627.27           6255.0
627.34           3648.0
627.42           6415.0
627.50           2502.0
627.58           7020.0
627.66           4727.0
627.73           5748.0
627.81           733.0
627.89           5521.0
627.97           4179.0
628.05           7307.0
628.12           3975.0
628.20           4865.0
628.28           151.0
628.36           5459.0
628.43           5341.0
628.51           5657.0
628.59           952.0
628.67           3517.0
628.75           1877.0
628.82           4709.0
628.90           3123.0
628.98           5167.0
629.06           2157.0
629.14           5131.0
629.21           3013.0
629.29           5069.0
629.37           2186.0
629.45           4563.0
629.52           2132.0
629.60           5097.0
629.68           3313.0
629.76           4682.0
629.84           1239.0
629.91           5025.0
629.99           3606.0
630.07           6243.0
630.15           2978.0
630.22           6057.0
630.30           2953.0
630.38           5742.0
630.46           2711.0
630.54           5597.0
630.61           3195.0
630.69           3690.0
630.77           288.0
630.85           3139.0
630.93           2404.0
631.00           4780.0
631.08           2881.0
631.16           4639.0
631.24           1875.0
631.31           4178.0
631.39           2481.0
631.47           3700.0
631.55           1577.0
631.63           2537.0
631.70           709.0
631.78           3660.0
631.86           3056.0
631.94           5155.0
632.01           2537.0
632.09           5187.0
632.17           2743.0
632.25           5081.0
632.33           2665.0
632.40           4240.0
632.48           1536.0
632.56           4193.0
632.64           2841.0
632.71           4306.0
632.79           1930.0
632.87           3148.0
632.95           938.0
633.03           4095.0
633.10           3337.0
633.18           4897.0
633.26           1378.0
633.34           6451.0
633.41           4948.0
633.49           7944.0
633.57           3722.0
633.65           5302.0
633.73           1168.0
633.80           4308.0
633.88           2454.0
633.96           6405.0
634.04           4248.0
634.11           7093.0
634.19           3166.0
634.27           5824.0
634.35           2424.0
634.43           5436.0
634.50           3074.0
634.58           4956.0
634.66           1938.0
634.74           4540.0
634.81           2495.0
634.89           5037.0
634.97           2820.0
635.05           4532.0
635.13           1520.0
635.20           5101.0
635.28           3762.0
635.36           4969.0
635.44           1385.0
635.51           4356.0
635.59           2575.0
635.67           5476.0
635.75           3322.0
635.82           4699.0
635.90           1459.0
635.98           3666.0
636.06           1977.0
636.14           3992.0
636.21           1713.0
636.29           6144.0
636.37           5134.0
636.45           5263.0
636.52           583.0
636.60           2896.0
636.68           1529.0
636.76           4811.0
636.84           3763.0
636.91           5476.0
636.99           2093.0
637.07           4718.0
637.15           2429.0
637.22           5123.0
637.30           2774.0
637.38           5332.0
637.46           2562.0
637.53           5528.0
637.61           3132.0
637.69           5293.0
637.77           2217.0
637.85           5186.0
637.92           2892.0
638.00           5657.0
638.08           2939.0
638.16           5612.0
638.23           2697.0
638.31           5558.0
638.39           3046.0
638.47           4788.0
638.55           1958.0
638.62           3783.0
638.70           1349.0
638.78           5127.0
638.86           3683.0
638.93           7096.0
639.01           3895.0
639.09           6366.0
639.17           2268.0
639.24           6685.0
639.32           4287.0
639.40           7086.0
639.48           3303.0
639.55           5410.0
639.63           1975.0
639.71           4266.0
639.79           1867.0
639.87           5260.0
639.94           3581.0
640.02           5505.0
640.10           1992.0
640.18           5510.0
640.25           3008.0
640.33           7431.0
640.41           4741.0
640.49           7259.0
640.56           2700.0
640.64           5486.0
640.72           2515.0
640.80           4726.0
640.88           2326.0
640.95           3658.0
641.03           1274.0
641.11           3700.0
641.19           2233.0
641.26           5259.0
641.34           3088.0
641.42           6825.0
641.50           4366.0
641.57           5410.0
641.65           890.0
641.73           4644.0
641.81           3607.0
641.88           4495.0
641.96           952.0
642.04           4559.0
642.12           3470.0
642.20           5564.0
642.27           2993.0
642.35           3039.0
642.43             0.0
642.51           2599.0
642.58           2505.0
642.66           4596.0
642.74           2528.0
642.82           5254.0
642.89           2699.0
642.97           6383.0
643.05           4294.0
643.13           5012.0
643.20           578.0
643.28           4678.0
643.36           3743.0
643.44           6521.0
643.52           3292.0
643.59           6297.0
643.67           3038.0
643.75           6287.0
643.83           2794.0
643.90           7979.0
643.98           5672.0
644.06           7384.0
644.14           2212.0
644.21           4498.0
644.29           1328.0
644.37           6367.0
644.45           5476.0
644.52           6568.0
644.60           1787.0
644.68           4240.0
644.76           1820.0
644.83           5069.0
644.91           3286.0
644.99           6441.0
645.07           3702.0
645.14           5426.0
645.22           1856.0
645.30           4298.0
645.38           2530.0
645.46           3409.0
645.53           875.0
645.61           3500.0
645.69           2555.0
645.77           4721.0
645.84           2479.0
645.92           5180.0
646.00           2636.0
646.08           6147.0
646.15           3958.0
646.23           5027.0
646.31           1154.0
646.39           3965.0
646.46           2594.0
646.54           3978.0
646.62           1553.0
646.70           3902.0
646.77           2090.0
646.85           5569.0
646.93           3757.0
647.01           6250.0
647.08           2999.0
647.16           5183.0
647.24           2269.0
647.32           4743.0
647.39           2569.0
647.47           4537.0
647.55           1936.0
647.63           5635.0
647.70           3820.0
647.78           6505.0
647.86           3368.0
647.94           4864.0
648.02           1508.0
648.09           3979.0
648.17           2524.0
648.25           4156.0
648.33           1949.0
648.40           4240.0
648.48           2467.0
648.56           4660.0
648.64           2305.0
648.71           5447.0
648.79           3099.0
648.87           6869.0
648.95           4339.0
649.02           5773.0
649.10           2090.0
649.18           2481.0
649.26             0.0
649.33           4934.0
649.41           5781.0
649.49           7592.0
649.57           2741.0
649.64           6340.0
649.72           3622.0
649.80           5386.0
649.88           2026.0
649.95           3951.0
650.03           1660.0
650.11           4984.0
650.19           3423.0
650.26           6338.0
650.34           3611.0
650.42           5370.0
650.50           1861.0
650.57           4581.0
650.65           2352.0
650.73           6055.0
650.81           4146.0
650.88           6389.0
650.96           2735.0
651.04           5460.0
651.12           2963.0
651.19           4984.0
651.27           2522.0
651.35           5166.0
651.43           3876.0
651.50           5178.0
651.58           4840.0
651.66           9958.0
651.74           14664.0
651.81           14808.0
651.89           10800.0
651.97           7327.0
652.05           5130.0
652.12           4793.0
652.20           3463.0
652.28           5582.0
652.36           3519.0
652.43           5614.0
652.51           3075.0
652.59           4256.0
652.67           1185.0
652.74           5123.0
652.82           4326.0
652.90           5991.0
652.98           2539.0
653.05           4500.0
653.13           1710.0
653.21           5670.0
653.29           4069.0
653.36           7154.0
653.44           3559.0
653.52           6855.0
653.60           3339.0
653.67           6721.0
653.75           3840.0
653.83           5060.0
653.91           1110.0
653.98           4873.0
654.06           3421.0
654.14           7035.0
654.22           4589.0
654.29           5449.0
654.37           1172.0
654.45           3630.0
654.53           1833.0
654.60           5314.0
654.68           3919.0
654.76           6351.0
654.83           3148.0
654.91           4592.0
654.99           1456.0
655.07           3702.0
655.14           2084.0
655.22           4756.0
655.30           2818.0
655.38           6409.0
655.45           3827.0
655.53           7501.0
655.61           4341.0
655.69           6063.0
655.76           1507.0
655.84           6103.0
655.92           4259.0
656.00           8056.0
656.07           4758.0
656.15           6202.0
656.23           1545.0
656.31           4809.0
656.38           2515.0
656.46           7587.0
656.54           6048.0
656.62           6616.0
656.69           624.0
656.77           5618.0
656.85           4298.0
656.93           8134.0
657.00           4601.0
657.08           7235.0
657.16           2563.0
657.24           6914.0
657.31           4529.0
657.39           5863.0
657.47           1814.0
657.54           3421.0
657.62           1579.0
657.70           2309.0
657.78           637.0
657.85           3384.0
657.93           3095.0
658.01           4586.0
658.09           1840.0
658.16           5887.0
658.24           4033.0
658.32           8054.0
658.40           4967.0
658.47           6742.0
658.55           1766.0
658.63           5787.0
658.71           3936.0
658.78           6010.0
658.86           2146.0
658.94           6472.0
659.02           4639.0
659.09           6086.0
659.17           1815.0
659.25           4854.0
659.32           2732.0
659.40           5720.0
659.48           3352.0
659.56           5848.0
659.63           2972.0
659.71           4698.0
659.79           1900.0
659.87           4091.0
659.94           2197.0
660.02           4653.0
660.10           2888.0
660.18           4487.0
660.25           1339.0
660.33           6156.0
660.41           5278.0
660.49           6262.0
660.56           1210.0
660.64           5622.0
660.72           4377.0
660.79           5747.0
660.87           1884.0
660.95           4220.0
661.03           2021.0
661.10           5343.0
661.18           3795.0
661.26           5194.0
661.34           1716.0
661.41           4642.0
661.49           2622.0
661.57           6599.0
661.65           4848.0
661.72           5406.0
661.80           641.0
661.88           5154.0
661.95           4338.0
662.03           6620.0
662.11           3168.0
662.19           4815.0
662.26           1193.0
662.34           5723.0
662.42           4925.0
662.50           5694.0
662.57           1387.0
662.65           3901.0
662.73           2428.0
662.81           4314.0
662.88           2093.0
662.96           4975.0
663.04           3324.0
663.11           5352.0
663.19           2278.0
663.27           5288.0
663.35           3000.0
663.42           6363.0
663.50           3771.0
663.58           6392.0
663.66           2900.0
663.73           5718.0
663.81           2485.0
663.89           7352.0
663.97           5320.0
664.04           7234.0
664.12           2224.0
664.20           6404.0
664.27           4371.0
664.35           5499.0
664.43           1242.0
664.51           5660.0
664.58           4341.0
664.66           7050.0
664.74           3295.0
664.82           6686.0
664.89           3724.0
664.97           5406.0
665.05           1573.0
665.12           5409.0
665.20           4324.0
665.28           4649.0
665.36           803.0
665.43           3395.0
665.51           2461.0
665.59           4498.0
665.67           2525.0
665.74           5153.0
665.82           2746.0
665.90           6599.0
665.97           4366.0
666.05           6737.0
666.13           2785.0
666.21           5911.0
666.28           3261.0
666.36           5398.0
666.44           2224.0
666.52           5397.0
666.59           3405.0
666.67           5400.0
666.75           2223.0
666.82           5508.0
666.90           3314.0
666.98           6360.0
667.06           3847.0
667.13           4475.0
667.21           952.0
667.29           2600.0
667.37           1719.0
667.44           2456.0
667.52           1292.0
667.60           2336.0
667.67           1353.0
667.75           3496.0
667.83           2486.0
667.91           5141.0
667.98           3318.0
668.06           5514.0
668.14           2520.0
668.22           5687.0
668.29           3357.0
668.37           5979.0
668.45           3335.0
668.52           4556.0
668.60           958.0
668.68           6172.0
668.76           5556.0
668.83           7722.0
668.91           3794.0
668.99           4158.0
669.06           123.0
669.14           3376.0
669.22           3174.0
669.30           5045.0
669.37           2407.0
669.45           5746.0
669.53           4001.0
669.61           5030.0
669.68           1671.0
669.76           3259.0
669.84           1192.0
669.91           5537.0
669.99           4873.0
670.07           7184.0
670.15           2910.0
670.22           7142.0
670.30           5109.0
670.38           5054.0
670.45           166.0
670.53           3694.0
670.61           3296.0
670.69           6149.0
670.76           3939.0
670.84           5819.0
670.92           2333.0
671.00           5189.0
671.07           3131.0
671.15           5153.0
671.23           2305.0
671.30           6040.0
671.38           4176.0
671.46           6609.0
671.54           3239.0
671.61           5659.0
671.69           2734.0
671.77           5176.0
671.84           2844.0
671.92           5341.0
672.00           2490.0
672.08           7289.0
672.15           5355.0
672.23           8673.0
672.31           4477.0
672.38           6529.0
672.46           2644.0
672.54           3677.0
672.62           920.0
672.69           4452.0
672.77           3500.0
672.85           7476.0
672.92           5121.0
673.00           7228.0
673.08           2535.0
673.16           6426.0
673.23           4175.0
673.31           6217.0
673.39           2680.0
673.46           5015.0
673.54           2350.0
673.62           6101.0
673.70           4525.0
673.77           5840.0
673.85           1961.0
673.93           4972.0
674.00           2884.0
674.08           6556.0
674.16           4955.0
674.24           4691.0
674.31             7.0
674.39           3828.0
674.47           3797.0
674.54           5655.0
674.62           2699.0
674.70           5975.0
674.78           3572.0
674.85           6669.0
674.93           3757.0
675.01           5882.0
675.08           2368.0
675.16           5636.0
675.24           3418.0
675.32           6770.0
675.39           4216.0
675.47           5797.0
675.55           2436.0
675.62           3776.0
675.70           1250.0
675.78           4367.0
675.86           3621.0
675.93           5349.0
676.01           2618.0
676.09           4618.0
676.16           2027.0
676.24           5932.0
676.32           4812.0
676.40           5451.0
676.47           1470.0
676.55           4048.0
676.63           2796.0
676.70           4354.0
676.78           2095.0
676.86           5207.0
676.94           3908.0
677.01           4906.0
677.09           1503.0
677.17           4897.0
677.24           3690.0
677.32           5742.0
677.40           2451.0
677.48           7067.0
677.55           5418.0
677.63           6616.0
677.71           2206.0
677.78           3816.0
677.86           1648.0
677.94           3556.0
678.02           2081.0
678.09           5504.0
678.17           4349.0
678.25           5486.0
678.32           3912.0
678.40           5453.0
678.48           3954.0
678.55           3954.0
