521.45             0.0
521.52             0.0
521.60             0.0
521.68             0.0
521.75             0.0
521.83             0.0
521.91             0.0
521.98             0.0
522.06             0.0
522.14             0.0
522.22             0.0
522.29             0.0
522.37             0.0
522.45             0.0
522.52             0.0
522.60             0.0
522.68             0.0
522.76             0.0
522.83             0.0
522.91             0.0
522.99             0.0
523.06             0.0
523.14             0.0
523.22             0.0
523.30             0.0
523.37             0.0
523.45             0.0
523.53             0.0
523.60             0.0
523.68             0.0
523.76             0.0
523.84             0.0
523.91             0.0
523.99             0.0
524.07             0.0
524.14             0.0
524.22             0.0
524.30             0.0
524.38             0.0
524.45             0.0
524.53             0.0
524.61             0.0
524.68             0.0
524.76             0.0
524.84             0.0
524.92             0.0
524.99             0.0
525.07             0.0
525.15             0.0
525.22             0.0
525.30             0.0
525.38             0.0
525.46             0.0
525.53             0.0
525.61             0.0
525.69             0.0
525.76             0.0
525.84             0.0
525.92             0.0
526.00             0.0
526.07             0.0
526.15             0.0
526.23             0.0
526.30             0.0
526.38             0.0
526.46             0.0
526.54             0.0
526.61             0.0
526.69             0.0
526.77             0.0
526.84             0.0
526.92             0.0
527.00             0.0
527.08             0.0
527.15             0.0
527.23             0.0
527.31             0.0
527.38             0.0
527.46             0.0
527.54             0.0
527.62             0.0
527.69             0.0
527.77             0.0
527.85             0.0
527.92             0.0
528.00             0.0
528.08             0.0
528.16             0.0
528.23             0.0
528.31             0.0
528.39             0.0
528.46             0.0
528.54             0.0
528.62             0.0
528.70             0.0
528.77             0.0
528.85             0.0
528.93             0.0
529.00             0.0
529.08             0.0
529.16             0.0
529.24             0.0
529.31             0.0
529.39             0.0
529.47             0.0
529.55             0.0
529.62             0.0
529.70             0.0
529.78             0.0
529.85             0.0
529.93             0.0
530.01             0.0
530.09             0.0
530.16             0.0
530.24             0.0
530.32             0.0
530.39             0.0
530.47             0.0
530.55             0.0
530.63             0.0
530.70             0.0
530.78             0.0
530.86             0.0
530.94             0.0
531.01             0.0
531.09             0.0
531.17             0.0
531.24             0.0
531.32             0.0
531.40             0.0
531.48             0.0
531.55             0.0
531.63             0.0
531.71             0.0
531.78             0.0
531.86             0.0
531.94             0.0
532.02             0.0
532.09             0.0
532.17             0.0
532.25             0.0
532.33             0.0
532.40             0.0
532.48             0.0
532.56             0.0
532.63             0.0
532.71             0.0
532.79             0.0
532.87             0.0
532.94             0.0
533.02             0.0
533.10             0.0
533.18             0.0
533.25             0.0
533.33             0.0
533.41             0.0
533.48             0.0
533.56             0.0
533.64             0.0
533.72             0.0
533.79             0.0
533.87             0.0
533.95             0.0
534.03             0.0
534.10             0.0
534.18             0.0
534.26             0.0
534.33             0.0
534.41             0.0
534.49             0.0
534.57             0.0
534.64             0.0
534.72             0.0
534.80             0.0
534.88             0.0
534.95             0.0
535.03             0.0
535.11             0.0
535.18             0.0
535.26             0.0
535.34             0.0
535.42             0.0
535.49             0.0
535.57             0.0
535.65             0.0
535.73             0.0
535.80             0.0
535.88             0.0
535.96             0.0
536.03             0.0
536.11             0.0
536.19             0.0
536.27             0.0
536.34             0.0
536.42             0.0
536.50             0.0
536.58             0.0
536.65             0.0
536.73             0.0
536.81             0.0
536.89             0.0
536.96             0.0
537.04             0.0
537.12             0.0
537.19             0.0
537.27             0.0
537.35             0.0
537.43             0.0
537.50             0.0
537.58             0.0
537.66             0.0
537.74             0.0
537.81             0.0
537.89             0.0
537.97             0.0
538.05             0.0
538.12             0.0
538.20             0.0
538.28             0.0
538.35             0.0
538.43             0.0
538.51             0.0
538.59             0.0
538.66             0.0
538.74             0.0
538.82             0.0
538.90             0.0
538.97             0.0
539.05             0.0
539.13             0.0
539.21             0.0
539.28             0.0
539.36             0.0
539.44             0.0
539.51             0.0
539.59             0.0
539.67             0.0
539.75             0.0
539.82             0.0
539.90             0.0
539.98             0.0
540.06             0.0
540.13             0.0
540.21             0.0
540.29             0.0
540.37             0.0
540.44             0.0
540.52             0.0
540.60             0.0
540.68             0.0
540.75             0.0
540.83             0.0
540.91             0.0
540.98             0.0
541.06             0.0
541.14             0.0
541.22             0.0
541.29             0.0
541.37             0.0
541.45             0.0
541.53             0.0
541.60             0.0
541.68             0.0
541.76             0.0
541.84             0.0
541.91             0.0
541.99             0.0
542.07             0.0
542.15             0.0
542.22             0.0
542.30             0.0
542.38             0.0
542.46             0.0
542.53             0.0
542.61             0.0
542.69             0.0
542.76             0.0
542.84             0.0
542.92             0.0
543.00             0.0
543.07             0.0
543.15             0.0
543.23             0.0
543.31             0.0
543.38             0.0
543.46             0.0
543.54             0.0
543.62             0.0
543.69             0.0
543.77             0.0
543.85             0.0
543.93             0.0
544.00             0.0
544.08             0.0
544.16             0.0
544.24             0.0
544.31             0.0
544.39             0.0
544.47             0.0
544.55             0.0
544.62             0.0
544.70             0.0
544.78             0.0
544.86             0.0
544.93             0.0
545.01             0.0
545.09             0.0
545.17             0.0
545.24             0.0
545.32             0.0
545.40             0.0
545.47             0.0
545.55             0.0
545.63             0.0
545.71             0.0
545.78             0.0
545.86             0.0
545.94             0.0
546.02             0.0
546.09             0.0
546.17             0.0
546.25             0.0
546.33             0.0
546.40             0.0
546.48             0.0
546.56             0.0
546.64             0.0
546.71             0.0
546.79             0.0
546.87             0.0
546.95             0.0
547.02             0.0
547.10             0.0
547.18             0.0
547.26             0.0
547.33             0.0
547.41             0.0
547.49             0.0
547.57             0.0
547.64             0.0
547.72             0.0
547.80             0.0
547.88             0.0
547.95             0.0
548.03             0.0
548.11             0.0
548.19             0.0
548.26             0.0
548.34             0.0
548.42             0.0
548.50             0.0
548.57             0.0
548.65             0.0
548.73             0.0
548.81             0.0
548.88             0.0
548.96             0.0
549.04             0.0
549.12             0.0
549.19             0.0
549.27             0.0
549.35             0.0
549.43             0.0
549.50             0.0
549.58             0.0
549.66             0.0
549.74             0.0
549.81             0.0
549.89             0.0
549.97             0.0
550.05             0.0
550.12             0.0
550.20             0.0
550.28             0.0
550.36             0.0
550.43             0.0
550.51             0.0
550.59             0.0
550.67             0.0
550.74             0.0
550.82             0.0
550.90             0.0
550.98             0.0
551.05             0.0
551.13             0.0
551.21             0.0
551.29             0.0
551.36             0.0
551.44             0.0
551.52             0.0
551.60             0.0
551.67             0.0
551.75             0.0
551.83             0.0
551.91             0.0
551.98             0.0
552.06             0.0
552.14             0.0
552.22             0.0
552.30             0.0
552.37             0.0
552.45             0.0
552.53             0.0
552.61             0.0
552.68             0.0
552.76             0.0
552.84             0.0
552.92             0.0
552.99             0.0
553.07             0.0
553.15             0.0
553.23             0.0
553.30             0.0
553.38             0.0
553.46             0.0
553.54             0.0
553.61             0.0
553.69             0.0
553.77             0.0
553.85             0.0
553.92             0.0
554.00             0.0
554.08             0.0
554.16             0.0
554.23             0.0
554.31             0.0
554.39             0.0
554.47             0.0
554.54             0.0
554.62             0.0
554.70             0.0
554.78             0.0
554.86             0.0
554.93             0.0
555.01             0.0
555.09             0.0
555.17             0.0
555.24             0.0
555.32             0.0
555.40             0.0
555.48             0.0
555.55             0.0
555.63             0.0
555.71             0.0
555.79             0.0
555.86             0.0
555.94             0.0
556.02             0.0
556.10             0.0
556.17             0.0
556.25             0.0
556.33             0.0
556.41             0.0
556.48             0.0
556.56             0.0
556.64             0.0
556.72             0.0
556.80             0.0
556.87             0.0
556.95             0.0
557.03             0.0
557.11             0.0
557.18             0.0
557.26             0.0
557.34             0.0
557.42             0.0
557.49             0.0
557.57             0.0
557.65             0.0
557.73             0.0
557.80             0.0
557.88             0.0
557.96             0.0
558.04             0.0
558.12             0.0
558.19             0.0
558.27             0.0
558.35             0.0
558.43             0.0
558.50             0.0
558.58             0.0
558.66             0.0
558.74             0.0
558.81             0.0
558.89             0.0
558.97             0.0
559.05             0.0
559.12             0.0
559.20             0.0
559.28             0.0
559.36             0.0
559.44             0.0
559.51             0.0
559.59             0.0
559.67             0.0
559.75             0.0
559.82             0.0
559.90             0.0
559.98             0.0
560.06             0.0
560.13             0.0
560.21             0.0
560.29             0.0
560.37             0.0
560.45             0.0
560.52             0.0
560.60             0.0
560.68             0.0
560.76             0.0
560.83             0.0
560.91             0.0
560.99             0.0
561.07             0.0
561.14             0.0
561.22             0.0
561.30             0.0
561.38             0.0
561.45             0.0
561.53             0.0
561.61             0.0
561.69             0.0
561.77             0.0
561.84             0.0
561.92             0.0
562.00             0.0
562.08             0.0
562.15             0.0
562.23             0.0
562.31             0.0
562.39             0.0
562.47             0.0
562.54             0.0
562.62             0.0
562.70             0.0
562.78             0.0
562.85             0.0
562.93             0.0
563.01             0.0
563.09             0.0
563.16             0.0
563.24             0.0
563.32             0.0
563.40             0.0
563.48             0.0
563.55             0.0
563.63             0.0
563.71             0.0
563.79             0.0
563.86             0.0
563.94             0.0
564.02             0.0
564.10             0.0
564.18             0.0
564.25             0.0
564.33             0.0
564.41             0.0
564.49             0.0
564.56             0.0
564.64             0.0
564.72             0.0
564.80             0.0
564.87             0.0
564.95             0.0
565.03             0.0
565.11             0.0
565.19             0.0
565.26             0.0
565.34             0.0
565.42             0.0
565.50             0.0
565.57             0.0
565.65             0.0
565.73             0.0
565.81             0.0
565.89             0.0
565.96             0.0
566.04             0.0
566.12             0.0
566.20             0.0
566.27             0.0
566.35             0.0
566.43             0.0
566.51             0.0
566.59             0.0
566.66             0.0
566.74             0.0
566.82             0.0
566.90             0.0
566.97             0.0
567.05             0.0
567.13             0.0
567.21             0.0
567.29             0.0
567.36             0.0
567.44             0.0
567.52             0.0
567.60             0.0
567.67             0.0
567.75             0.0
567.83             0.0
567.91             0.0
567.99             0.0
568.06             0.0
568.14             0.0
568.22             0.0
568.30             0.0
568.37             0.0
568.45             0.0
568.53             0.0
568.61             0.0
568.69             0.0
568.76             0.0
568.84             0.0
568.92             0.0
569.00             0.0
569.07             0.0
569.15             0.0
569.23             0.0
569.31             0.0
569.39             0.0
569.46             0.0
569.54             0.0
569.62             0.0
569.70             0.0
569.78             0.0
569.85             0.0
569.93             0.0
570.01             0.0
570.09             0.0
570.16             0.0
570.24             0.0
570.32             0.0
570.40             0.0
570.48             0.0
570.55             0.0
570.63             0.0
570.71             0.0
570.79             0.0
570.86             0.0
570.94             0.0
571.02             0.0
571.10             0.0
571.18             0.0
571.25             0.0
571.33             0.0
571.41             0.0
571.49             0.0
571.57             0.0
571.64             0.0
571.72             0.0
571.80             0.0
571.88             0.0
571.95             0.0
572.03             0.0
572.11             0.0
572.19             0.0
572.27             0.0
572.34             0.0
572.42             0.0
572.50             0.0
572.58             0.0
572.66             0.0
572.73             0.0
572.81             0.0
572.89             0.0
572.97             0.0
573.04             0.0
573.12             0.0
573.20             0.0
573.28             0.0
573.36             0.0
573.43             0.0
573.51             0.0
573.59             0.0
573.67             0.0
573.75             0.0
573.82             0.0
573.90             0.0
573.98             0.0
574.06             0.0
574.14             0.0
574.21             0.0
574.29             0.0
574.37             0.0
574.45             0.0
574.52             0.0
574.60             0.0
574.68             0.0
574.76             0.0
574.84             0.0
574.91             0.0
574.99             0.0
575.07             0.0
575.15             0.0
575.23             0.0
575.30             0.0
575.38             0.0
575.46             0.0
575.54             0.0
575.62             0.0
575.69             0.0
575.77             0.0
575.85             0.0
575.93             0.0
576.00             0.0
576.08             0.0
576.16             0.0
576.24             0.0
576.32             0.0
576.39             0.0
576.47             0.0
576.55             0.0
576.63             0.0
576.71             0.0
576.78             0.0
576.86             0.0
576.94             0.0
577.02             0.0
577.10             0.0
577.17             0.0
577.25             0.0
577.33             0.0
577.41             0.0
577.49             0.0
577.56             0.0
577.64             0.0
577.72             0.0
577.80             0.0
577.88             0.0
577.95             0.0
578.03             0.0
578.11             0.0
578.19             0.0
578.27             0.0
578.34             0.0
578.42             0.0
578.50             0.0
578.58             0.0
578.65             0.0
578.73             0.0
578.81             0.0
578.89             0.0
578.97             0.0
579.04             0.0
579.12             0.0
579.20             0.0
579.28             0.0
579.36             0.0
579.43             0.0
579.51             0.0
579.59             0.0
579.67             0.0
579.75             0.0
579.82             0.0
579.90             0.0
579.98             0.0
580.06             0.0
580.14             0.0
580.21             0.0
580.29             0.0
580.37             0.0
580.45             0.0
580.53             0.0
580.60             0.0
580.68             0.0
580.76             0.0
580.84             0.0
580.92             0.0
580.99             0.0
581.07             0.0
581.15             0.0
581.23             0.0
581.31             0.0
581.38             0.0
581.46             0.0
581.54             0.0
581.62             0.0
581.70             0.0
581.77             0.0
581.85             0.0
581.93             0.0
582.01             0.0
582.09             0.0
582.16             0.0
582.24             0.0
582.32             0.0
582.40             0.0
582.48             0.0
582.55             0.0
582.63             0.0
582.71             0.0
582.79             0.0
582.87             0.0
582.94             0.0
583.02             0.0
583.10             0.0
583.18             0.0
583.26             0.0
583.33             0.0
583.41             0.0
583.49             0.0
583.57             0.0
583.65             0.0
583.72             0.0
583.80             0.0
583.88             0.0
583.96             0.0
584.04             0.0
584.11             0.0
584.19             0.0
584.27             0.0
584.35             0.0
584.43             0.0
584.51             0.0
584.58             0.0
584.66             0.0
584.74             0.0
584.82             0.0
584.90             0.0
584.97             0.0
585.05             0.0
585.13             0.0
585.21             0.0
585.29             0.0
585.36             0.0
585.44             0.0
585.52             0.0
585.60             0.0
585.68             0.0
585.75             0.0
585.83             0.0
585.91             0.0
585.99             0.0
586.07             0.0
586.14             0.0
586.22             0.0
586.30             0.0
586.38             0.0
586.46             0.0
586.53             0.0
586.61             0.0
586.69             0.0
586.77             0.0
586.85             0.0
586.93             0.0
587.00             0.0
587.08             0.0
587.16             0.0
587.24             0.0
587.32             0.0
587.39             0.0
587.47             0.0
587.55             0.0
587.63             0.0
587.71             0.0
587.78             0.0
587.86             0.0
587.94             0.0
588.02             0.0
588.10             0.0
588.17             0.0
588.25             0.0
588.33             0.0
588.41             0.0
588.49             0.0
588.57             0.0
588.64             0.0
588.72             0.0
588.80             0.0
588.88             0.0
588.96             0.0
589.03             0.0
589.11             0.0
589.19             0.0
589.27             0.0
589.35             0.0
589.42             0.0
589.50             0.0
589.58             0.0
589.66             0.0
589.74             0.0
589.82             0.0
589.89             0.0
589.97             0.0
590.05             0.0
590.13             0.0
590.21             0.0
590.28             0.0
590.36             0.0
590.44             0.0
590.52             0.0
590.60             0.0
590.67             0.0
590.75             0.0
590.83             0.0
590.91             0.0
590.99             0.0
591.07             0.0
591.14             0.0
591.22             0.0
591.30             0.0
591.38             0.0
591.46             0.0
591.53             0.0
591.61             0.0
591.69             0.0
591.77             0.0
591.85             0.0
591.93             0.0
592.00             0.0
592.08             0.0
592.16             0.0
592.24             0.0
592.32             0.0
592.39             0.0
592.47             0.0
592.55             0.0
592.63             0.0
592.71             0.0
592.79             0.0
592.86             0.0
592.94             0.0
593.02             0.0
593.10             0.0
593.18             0.0
593.25             0.0
593.33             0.0
593.41             0.0
593.49             0.0
593.57             0.0
593.65             0.0
593.72             0.0
593.80             0.0
593.88             0.0
593.96             0.0
594.04             0.0
594.11             0.0
594.19             0.0
594.27             0.0
594.35             0.0
594.43             0.0
594.51             0.0
594.58             0.0
594.66             0.0
594.74             0.0
594.82             0.0
594.90             0.0
594.97             0.0
595.05             0.0
595.13             0.0
595.21             0.0
595.29             0.0
595.37             0.0
595.44             0.0
595.52             0.0
595.60             0.0
595.68             0.0
595.76             0.0
595.83             0.0
595.91             0.0
595.99             0.0
596.07             0.0
596.15             0.0
596.23             0.0
596.30             0.0
596.38             0.0
596.46             0.0
596.54             0.0
596.62             0.0
596.70             0.0
596.77             0.0
596.85             0.0
596.93             0.0
597.01             0.0
597.09             0.0
597.16             0.0
597.24             0.0
597.32             0.0
597.40             0.0
597.48             0.0
597.56             0.0
597.63             0.0
597.71             0.0
597.79             0.0
597.87             0.0
597.95             0.0
598.03             0.0
598.10             0.0
598.18             0.0
598.26             0.0
598.34             0.0
598.42             0.0
598.50             0.0
598.57             0.0
598.65             0.0
598.73             0.0
598.81             0.0
598.89             0.0
598.96             0.0
599.04             0.0
599.12             0.0
599.20             0.0
599.28             0.0
599.36             0.0
599.43             0.0
599.51             0.0
599.59             0.0
599.67             0.0
599.75             0.0
599.83             0.0
599.90             0.0
599.98             0.0
600.06             0.0
600.14             0.0
600.22             0.0
600.30             0.0
600.37             0.0
600.45             0.0
600.53             0.0
600.61             0.0
600.69             0.0
600.77             0.0
600.84             0.0
600.92             0.0
601.00             0.0
599.08             0.0
599.16             0.0
599.23             0.0
599.31             0.0
599.39             0.0
599.47             0.0
599.55             0.0
599.63             0.0
599.70             0.0
599.78             0.0
599.86             0.0
599.94             0.0
600.02             0.0
600.10             0.0
600.17             0.0
600.25             0.0
600.33             0.0
600.41             0.0
600.49             0.0
600.57             0.0
600.64             0.0
600.72             0.0
600.80             0.0
600.88             0.0
600.96             0.0
601.04             0.0
601.11             0.0
601.19             0.0
601.27             0.0
601.35             0.0
601.43             0.0
601.50             0.0
601.58             0.0
601.66             0.0
601.74             0.0
601.82             0.0
601.90             0.0
601.97             0.0
602.05             0.0
602.13             0.0
602.21             0.0
602.29             0.0
602.37             0.0
602.44             0.0
602.52             0.0
602.60             0.0
602.68             0.0
602.76             0.0
602.84             0.0
602.91             0.0
602.99             0.0
603.07             0.0
603.15             0.0
603.23             0.0
603.30             0.0
603.38             0.0
603.46             0.0
603.54             0.0
603.62             0.0
603.70             0.0
603.77             0.0
603.85             0.0
603.93             0.0
604.01             0.0
604.09             0.0
604.17             0.0
604.24             0.0
604.32             0.0
604.40             0.0
604.48             0.0
604.56             0.0
604.63             0.0
604.71             0.0
604.79             0.0
604.87             0.0
604.95             0.0
605.03             0.0
605.10             0.0
605.18             0.0
605.26             0.0
605.34             0.0
605.42             0.0
605.49             0.0
605.57             0.0
605.65             0.0
605.73             0.0
605.81             0.0
605.89             0.0
605.96             0.0
606.04             0.0
606.12             0.0
606.20             0.0
606.28             0.0
606.35             0.0
606.43             0.0
606.51             0.0
606.59             0.0
606.67             0.0
606.75             0.0
606.82             0.0
606.90             0.0
606.98             0.0
607.06             0.0
607.14             0.0
607.21             0.0
607.29             0.0
607.37             0.0
607.45             0.0
607.53             0.0
607.61             0.0
607.68             0.0
607.76             0.0
607.84             0.0
607.92             0.0
608.00             0.0
608.07             0.0
608.15             0.0
608.23             0.0
608.31             0.0
608.39             0.0
608.47             0.0
608.54             0.0
608.62             0.0
608.70             0.0
608.78             0.0
608.86             0.0
608.93             0.0
609.01             0.0
609.09             0.0
609.17             0.0
609.25             0.0
609.33             0.0
609.40             0.0
609.48             0.0
609.56             0.0
609.64             0.0
609.72             0.0
609.79             0.0
609.87             0.0
609.95             0.0
610.03             0.0
610.11             0.0
610.18             0.0
610.26             0.0
610.34             0.0
610.42             0.0
610.50             0.0
610.58             0.0
610.65             0.0
610.73             0.0
610.81             0.0
610.89             0.0
610.97             0.0
611.04             0.0
611.12             0.0
611.20             0.0
611.28             0.0
611.36             0.0
611.43             0.0
611.51             0.0
611.59             0.0
611.67             0.0
611.75             0.0
611.83             0.0
611.90             0.0
611.98             0.0
612.06             0.0
612.14             0.0
612.22             0.0
612.29             0.0
612.37             0.0
612.45             0.0
612.53             0.0
612.61             0.0
612.68             0.0
612.76             0.0
612.84             0.0
612.92             0.0
613.00             0.0
613.07             0.0
613.15             0.0
613.23             0.0
613.31             0.0
613.39             0.0
613.47             0.0
613.54             0.0
613.62             0.0
613.70             0.0
613.78             0.0
613.86             0.0
613.93             0.0
614.01             0.0
614.09             0.0
614.17             0.0
614.25             0.0
614.32             0.0
614.40             0.0
614.48             0.0
614.56             0.0
614.64             0.0
614.71             0.0
614.79             0.0
614.87             0.0
614.95             0.0
615.03             0.0
615.10             0.0
615.18             0.0
615.26             0.0
615.34             0.0
615.42             0.0
615.49             0.0
615.57             0.0
615.65             0.0
615.73             0.0
615.81             0.0
615.89             0.0
615.96             0.0
616.04             0.0
616.12             0.0
616.20             0.0
616.28             0.0
616.35             0.0
616.43             0.0
616.51             0.0
616.59             0.0
616.67             0.0
616.74             0.0
616.82             0.0
616.90             0.0
616.98             0.0
617.06             0.0
617.13             0.0
617.21             0.0
617.29             0.0
617.37             0.0
617.45             0.0
617.52             0.0
617.60             0.0
617.68             0.0
617.76             0.0
617.84             0.0
617.91             0.0
617.99             0.0
618.07             0.0
618.15             0.0
618.23             0.0
618.30             0.0
618.38             0.0
618.46             0.0
618.54             0.0
618.62             0.0
618.69             0.0
618.77             0.0
618.85             0.0
618.93             0.0
619.01             0.0
619.08             0.0
619.16             0.0
619.24             0.0
619.32             0.0
619.40             0.0
619.47             0.0
619.55             0.0
619.63             0.0
619.71             0.0
619.79             0.0
619.86             0.0
619.94             0.0
620.02             0.0
620.10             0.0
620.18             0.0
620.25             0.0
620.33             0.0
620.41             0.0
620.49             0.0
620.57             0.0
620.64             0.0
620.72             0.0
620.80             0.0
620.88             0.0
620.96             0.0
621.03             0.0
621.11             0.0
621.19             0.0
621.27             0.0
621.35             0.0
621.42             0.0
621.50             0.0
621.58             0.0
621.66             0.0
621.73             0.0
621.81             0.0
621.89             0.0
621.97             0.0
622.05             0.0
622.12             0.0
622.20             0.0
622.28             0.0
622.36             0.0
622.44             0.0
622.51             0.0
622.59             0.0
622.67             0.0
622.75             0.0
622.83             0.0
622.90             0.0
622.98             0.0
623.06             0.0
623.14             0.0
623.22             0.0
623.29             0.0
623.37             0.0
623.45             0.0
623.53             0.0
623.61             0.0
623.68             0.0
623.76             0.0
623.84             0.0
623.92             0.0
624.00             0.0
624.07             0.0
624.15             0.0
624.23             0.0
624.31             0.0
624.38             0.0
624.46             0.0
624.54             0.0
624.62             0.0
624.70             0.0
624.77             0.0
624.85             0.0
624.93             0.0
625.01             0.0
625.09             0.0
625.16             0.0
625.24             0.0
625.32             0.0
625.40             0.0
625.48             0.0
625.55             0.0
625.63             0.0
625.71             0.0
625.79             0.0
625.86             0.0
625.94             0.0
626.02             0.0
626.10             0.0
626.18             0.0
626.25             0.0
626.33             0.0
626.41             0.0
626.49             0.0
626.57             0.0
626.64             0.0
626.72             0.0
626.80             0.0
626.88             0.0
626.96             0.0
627.03             0.0
627.11             0.0
627.19             0.0
627.27             0.0
627.34             0.0
627.42             0.0
627.50             0.0
627.58             0.0
627.66             0.0
627.73             0.0
627.81             0.0
627.89             0.0
627.97             0.0
628.05             0.0
628.12             0.0
628.20             0.0
628.28             0.0
628.36             0.0
628.43             0.0
628.51             0.0
628.59             0.0
628.67             0.0
628.75             0.0
628.82             0.0
628.90             0.0
628.98             0.0
629.06             0.0
629.14             0.0
629.21             0.0
629.29             0.0
629.37             0.0
629.45             0.0
629.52             0.0
629.60             0.0
629.68             0.0
629.76             0.0
629.84             0.0
629.91             0.0
629.99             0.0
630.07             0.0
630.15             0.0
630.22             0.0
630.30             0.0
630.38             0.0
630.46             0.0
630.54             0.0
630.61             0.0
630.69             0.0
630.77             0.0
630.85             0.0
630.93             0.0
631.00             0.0
631.08             0.0
631.16             0.0
631.24             0.0
631.31             0.0
631.39             0.0
631.47             0.0
631.55             0.0
631.63             0.0
631.70             0.0
631.78             0.0
631.86             0.0
631.94             0.0
632.01             0.0
632.09             0.0
632.17             0.0
632.25             0.0
632.33             0.0
632.40             0.0
632.48             0.0
632.56             0.0
632.64             0.0
632.71             0.0
632.79             0.0
632.87             0.0
632.95             0.0
633.03             0.0
633.10             0.0
633.18             0.0
633.26             0.0
633.34             0.0
633.41             0.0
633.49             0.0
633.57             0.0
633.65             0.0
633.73             0.0
633.80             0.0
633.88             0.0
633.96             0.0
634.04             0.0
634.11             0.0
634.19             0.0
634.27             0.0
634.35             0.0
634.43             0.0
634.50             0.0
634.58             0.0
634.66             0.0
634.74             0.0
634.81             0.0
634.89             0.0
634.97             0.0
635.05             0.0
635.13             0.0
635.20             0.0
635.28             0.0
635.36             0.0
635.44             0.0
635.51             0.0
635.59             0.0
635.67             0.0
635.75             0.0
635.82             0.0
635.90             0.0
635.98             0.0
636.06             0.0
636.14             0.0
636.21             0.0
636.29             0.0
636.37             0.0
636.45             0.0
636.52             0.0
636.60             0.0
636.68             0.0
636.76             0.0
636.84             0.0
636.91             0.0
636.99             0.0
637.07             0.0
637.15             0.0
637.22             0.0
637.30             0.0
637.38             0.0
637.46             0.0
637.53             0.0
637.61             0.0
637.69             0.0
637.77             0.0
637.85             0.0
637.92             0.0
638.00             0.0
638.08             0.0
638.16             0.0
638.23             0.0
638.31             0.0
638.39             0.0
638.47             0.0
638.55             0.0
638.62             0.0
638.70             0.0
638.78             0.0
638.86             0.0
638.93             0.0
639.01             0.0
639.09             0.0
639.17             0.0
639.24             0.0
639.32             0.0
639.40             0.0
639.48             0.0
639.55             0.0
639.63             0.0
639.71             0.0
639.79             0.0
639.87             0.0
639.94             0.0
640.02             0.0
640.10             0.0
640.18             0.0
640.25             0.0
640.33             0.0
640.41             0.0
640.49             0.0
640.56             0.0
640.64             0.0
640.72             0.0
640.80             0.0
640.88             0.0
640.95             0.0
641.03             0.0
641.11             0.0
641.19             0.0
641.26             0.0
641.34             0.0
641.42             0.0
641.50             0.0
641.57             0.0
641.65             0.0
641.73             0.0
641.81             0.0
641.88             0.0
641.96             0.0
642.04             0.0
642.12             0.0
642.20             0.0
642.27             0.0
642.35             0.0
642.43             0.0
642.51             0.0
642.58             0.0
642.66             0.0
642.74             0.0
642.82             0.0
642.89             0.0
642.97             0.0
643.05             0.0
643.13             0.0
643.20             0.0
643.28             0.0
643.36             0.0
643.44             0.0
643.52             0.0
643.59             0.0
643.67             0.0
643.75             0.0
643.83             0.0
643.90             0.0
643.98             0.0
644.06             0.0
644.14             0.0
644.21             0.0
644.29             0.0
644.37             0.0
644.45             0.0
644.52             0.0
644.60             0.0
644.68             0.0
644.76             0.0
644.83             0.0
644.91             0.0
644.99             0.0
645.07             0.0
645.14             0.0
645.22             0.0
645.30             0.0
645.38             0.0
645.46             0.0
645.53             0.0
645.61             0.0
645.69             0.0
645.77             0.0
645.84             0.0
645.92             0.0
646.00             0.0
646.08             0.0
646.15             0.0
646.23             0.0
646.31             0.0
646.39             0.0
646.46             0.0
646.54             0.0
646.62             0.0
646.70             0.0
646.77             0.0
646.85             0.0
646.93             0.0
647.01             0.0
647.08             0.0
647.16             0.0
647.24             0.0
647.32             0.0
647.39             0.0
647.47             0.0
647.55             0.0
647.63             0.0
647.70             0.0
647.78             0.0
647.86             0.0
647.94             0.0
648.02             0.0
648.09             0.0
648.17             0.0
648.25             0.0
648.33             0.0
648.40             0.0
648.48             0.0
648.56             0.0
648.64             0.0
648.71             0.0
648.79             0.0
648.87             0.0
648.95             0.0
649.02             0.0
649.10             0.0
649.18             0.0
649.26             0.0
649.33             0.0
649.41             0.0
649.49             0.0
649.57             0.0
649.64             0.0
649.72             0.0
649.80             0.0
649.88             0.0
649.95             0.0
650.03             0.0
650.11             0.0
650.19             0.0
650.26           484.0
650.34           495.0
650.42           1231.0
650.50           858.0
650.57           1058.0
650.65             0.0
650.73           1367.0
650.81           1276.0
650.88           1683.0
650.96           491.0
651.04           1255.0
651.12           502.0
651.19           1788.0
651.27           1350.0
651.35           2332.0
651.43           1492.0
651.50           2038.0
651.58           1267.0
651.66           2281.0
651.74           2532.0
651.81           2810.0
651.89           3211.0
651.97           4032.0
652.05           5155.0
652.12           5441.0
652.20           6023.0
652.28           6069.0
652.36           6429.0
652.43           6342.0
652.51           6378.0
652.59           5199.0
652.67           3216.0
652.74           3272.0
652.82           2748.0
652.90           2876.0
652.98           1142.0
653.05           2431.0
653.13           1343.0
653.21           1863.0
653.29           370.0
653.36           1505.0
653.44           915.0
653.52           1632.0
653.60           787.0
653.67           969.0
653.75           128.0
653.83           223.0
653.91             0.0
653.98             0.0
654.06             1.0
654.14             2.0
654.22             0.0
654.29           219.0
654.37           310.0
654.45           220.0
654.53             0.0
654.60             0.0
654.68             0.0
654.76             0.0
654.83             0.0
654.91             0.0
654.99             0.0
655.07             0.0
655.14             0.0
655.22             0.0
655.30             0.0
655.38             0.0
655.45             0.0
655.53             0.0
655.61             0.0
655.69             0.0
655.76             0.0
655.84             0.0
655.92             0.0
656.00             0.0
656.07             0.0
656.15             0.0
656.23             0.0
656.31             0.0
656.38             0.0
656.46             0.0
656.54             0.0
656.62             0.0
656.69             0.0
656.77             0.0
656.85             0.0
656.93             0.0
657.00             0.0
657.08             0.0
657.16             0.0
657.24             0.0
657.31             0.0
657.39             0.0
657.47             0.0
657.54             0.0
657.62             0.0
657.70             0.0
657.78             0.0
657.85             0.0
657.93             0.0
658.01             0.0
658.09             0.0
658.16             0.0
658.24             0.0
658.32             0.0
658.40             0.0
658.47             0.0
658.55             0.0
658.63             0.0
658.71             0.0
658.78             0.0
658.86             0.0
658.94             0.0
659.02             0.0
659.09             0.0
659.17             0.0
659.25             0.0
659.32             0.0
659.40             0.0
659.48             0.0
659.56             0.0
659.63             0.0
659.71             0.0
659.79             0.0
659.87             0.0
659.94             0.0
660.02             0.0
660.10             0.0
660.18             0.0
660.25             0.0
660.33             0.0
660.41             0.0
660.49             0.0
660.56             0.0
660.64             0.0
660.72             0.0
660.79             0.0
660.87             0.0
660.95             0.0
661.03             0.0
661.10             0.0
661.18             0.0
661.26             0.0
661.34             0.0
661.41             0.0
661.49             0.0
661.57             0.0
661.65             0.0
661.72             0.0
661.80             0.0
661.88             0.0
661.95             0.0
662.03             0.0
662.11             0.0
662.19             0.0
662.26             0.0
662.34             0.0
662.42             0.0
662.50             0.0
662.57             0.0
662.65             0.0
662.73             0.0
662.81             0.0
662.88             0.0
662.96             0.0
663.04             0.0
663.11             0.0
663.19             0.0
663.27             0.0
663.35             0.0
663.42             0.0
663.50             0.0
663.58             0.0
663.66             0.0
663.73             0.0
663.81             0.0
663.89             0.0
663.97             0.0
664.04             0.0
664.12             0.0
664.20             0.0
664.27             0.0
664.35             0.0
664.43             0.0
664.51             0.0
664.58             0.0
664.66             0.0
664.74             0.0
664.82             0.0
664.89             0.0
664.97             0.0
665.05             0.0
665.12             0.0
665.20             0.0
665.28             0.0
665.36             0.0
665.43             0.0
665.51             0.0
665.59             0.0
665.67             0.0
665.74             0.0
665.82             0.0
665.90             0.0
665.97             0.0
666.05             0.0
666.13             0.0
666.21             0.0
666.28             0.0
666.36             0.0
666.44             0.0
666.52             0.0
666.59             0.0
666.67             0.0
666.75             0.0
666.82             0.0
666.90             0.0
666.98             0.0
667.06             0.0
667.13             0.0
667.21             0.0
667.29             0.0
667.37             0.0
667.44             0.0
667.52             0.0
667.60             0.0
667.67             0.0
667.75             0.0
667.83             0.0
667.91             0.0
667.98             0.0
668.06             0.0
668.14             0.0
668.22             0.0
668.29             0.0
668.37             0.0
668.45             0.0
668.52           220.0
668.60           310.0
668.68           220.0
668.76             0.0
668.83             0.0
668.91             0.0
668.99             0.0
669.06             0.0
669.14             0.0
669.22             0.0
669.30             0.0
669.37             0.0
669.45             0.0
669.53             0.0
669.61             0.0
669.68             0.0
669.76             0.0
669.84             0.0
669.91             0.0
669.99             0.0
670.07             0.0
670.15             0.0
670.22           880.0
670.30           1240.0
670.38           880.0
670.45             0.0
670.53             0.0
670.61             0.0
670.69             0.0
670.76             0.0
670.84             0.0
670.92             0.0
671.00             0.0
671.07             0.0
671.15             0.0
671.23             0.0
671.30             0.0
671.38             0.0
671.46             0.0
671.54             0.0
671.61             0.0
671.69             0.0
671.77             0.0
671.84             0.0
671.92             0.0
672.00             0.0
672.08             0.0
672.15             0.0
672.23           572.0
672.31           806.0
672.38           572.0
672.46             0.0
672.54             0.0
672.62             0.0
672.69             0.0
672.77             0.0
672.85             0.0
672.92             0.0
673.00             0.0
673.08             0.0
673.16             0.0
673.23             0.0
673.31             0.0
673.39             0.0
673.46             0.0
673.54             0.0
673.62             0.0
673.70             0.0
673.77             0.0
673.85             0.0
673.93             0.0
674.00             0.0
674.08             0.0
674.16             0.0
674.24             0.0
674.31             0.0
674.39             0.0
674.47             0.0
674.54             0.0
674.62             0.0
674.70             0.0
674.78             0.0
674.85             0.0
674.93             0.0
675.01             0.0
675.08             0.0
675.16             0.0
675.24             0.0
675.32             0.0
675.39             0.0
675.47             0.0
675.55             0.0
675.62             0.0
675.70             0.0
675.78             0.0
675.86             0.0
675.93             0.0
676.01             0.0
676.09             0.0
676.16             0.0
676.24             0.0
676.32             0.0
676.40           132.0
676.47           185.0
676.55           132.0
676.63             0.0
676.70             0.0
676.78             0.0
676.86             0.0
676.94             0.0
677.01             0.0
677.09             0.0
677.17             0.0
677.24             0.0
677.32             0.0
677.40             0.0
677.48             0.0
677.55             0.0
677.63             0.0
677.71             0.0
677.78             0.0
677.86             0.0
677.94             0.0
678.02             0.0
678.09             0.0
678.17             0.0
678.25             0.0
678.32             0.0
678.40             0.0
678.48             0.0
678.55             0.0
